F1,F2,F3,F4,F5
242,436,383,699,0
247,440,384,698,0
255,441,383,698,0
259,441,381,698,0
262,435,377,698,0
263,431,375,698,0
267,425,375,697,0
274,423,374,696,0
275,426,379,697,0
279,428,379,697,0
280,431,380,697,0
283,432,379,697,0
280,433,380,698,0
268,440,379,699,0
256,442,379,699,0
239,445,380,700,0
235,453,381,700,0
235,456,381,700,0
238,460,381,698,0
238,462,381,695,0
219,459,381,692,0
215,454,379,692,0
205,453,377,693,0
216,453,377,692,0
230,455,379,692,0
254,458,379,692,0
269,494,382,694,0
268,538,385,696,0
264,569,389,698,0
260,590,391,701,0
244,604,391,704,0
243,611,387,706,0
245,607,377,705,0
246,572,366,704,0
232,484,357,702,0
215,358,354,697,0
227,256,360,689,0
245,175,361,689,0
253,88,370,692,0
264,41,374,692,0
280,71,381,692,0
292,124,387,694,0
310,185,385,693,0
329,240,383,689,0
349,294,389,686,0
369,329,388,684,0
395,350,394,687,0
428,351,395,686,0
458,340,394,685,0
483,313,389,690,0
510,286,394,698,0
526,271,393,703,0
532,262,394,705,0
534,262,387,706,0
540,267,381,706,0
543,271,383,708,0
565,283,384,708,0
576,295,375,702,0
578,309,379,699,0
579,337,380,695,0
571,353,380,693,0
563,356,375,689,0
554,355,371,691,0
545,343,368,693,0
536,334,366,689,0
513,324,360,688,0
505,319,352,684,0
505,319,361,684,0
508,331,364,689,0
509,345,370,694,0
512,355,368,700,0
516,366,364,705,0
518,373,356,707,0
517,382,356,706,0
519,369,362,705,0
515,354,361,706,0
515,340,364,708,0
523,338,368,711,0
522,346,370,715,0
516,354,369,717,0
518,366,364,718,0
517,371,356,717,0
517,374,354,716,0
529,381,355,716,0
540,397,357,717,0
550,401,359,720,0
555,407,359,722,0
555,416,366,724,0
557,414,372,725,0
557,406,374,727,0
556,388,369,728,0
557,371,368,728,0
555,368,370,727,0
559,371,370,728,0
562,377,369,729,0
563,378,372,734,0
568,378,377,736,0
567,378,379,737,0
571,375,380,738,0
575,378,381,739,0
575,383,386,743,0
575,389,393,744,0
573,387,389,744,0
571,382,388,741,0
574,381,384,739,0
578,368,384,740,0
587,354,384,740,0
593,357,390,741,0
596,359,394,743,0
596,361,393,743,0
595,360,397,743,0
595,363,398,741,0
598,365,396,738,0
601,368,390,735,0
600,362,381,732,0
601,360,380,731,0
603,361,388,729,0
601,365,398,731,0
594,370,403,733,0
583,375,403,735,0
580,377,406,737,0
581,375,408,736,0
577,373,409,735,0
567,382,411,734,0
555,387,409,734,0
556,395,409,733,0
563,401,413,732,0
576,401,415,734,0
582,412,410,735,0
585,427,411,734,0
589,460,413,735,0
585,502,415,740,0
574,551,418,743,0
554,567,409,744,0
545,561,395,746,0
537,493,384,748,0
538,361,371,749,0
532,259,366,749,0
527,164,340,742,0
526,0,345,739,0
515,0,352,737,0
503,0,356,738,0
480,0,358,740,0
455,0,361,744,0
427,31,368,748,0
416,136,379,752,0
411,258,391,760,0
408,310,404,765,0
408,352,413,771,0
412,377,419,772,0
432,382,414,773,0
472,381,409,765,0
489,373,419,763,0
492,375,419,763,0
492,380,412,763,0
493,377,404,763,0
494,380,401,762,0
488,375,403,764,0
479,369,402,763,0
471,358,405,763,0
468,359,401,760,0
472,361,394,758,0
473,373,394,759,0
482,394,400,759,0
481,406,398,759,0
486,421,397,760,0
494,426,396,758,0
501,436,394,757,0
509,444,399,757,0
513,451,396,760,0
512,457,397,762,0
510,457,398,763,0
511,457,400,764,0
505,457,400,765,0
508,457,398,764,0
511,479,395,761,0
513,499,393,761,0
530,509,399,761,0
534,513,397,763,0
534,514,393,762,0
533,506,390,763,0
538,499,389,764,0
539,493,378,763,0
534,486,356,760,0
528,478,354,758,0
514,482,351,756,0
507,481,354,756,0
513,482,361,757,0
525,492,376,759,0
526,504,382,761,0
528,513,388,761,0
530,512,390,761,0
532,500,391,760,0
527,489,394,759,0
519,485,397,759,0
521,489,400,760,0
526,492,401,761,0
528,488,393,756,0
525,487,383,752,0
525,478,381,751,0
524,465,383,753,0
526,453,379,754,0
518,439,373,756,0
504,433,369,758,0
485,426,366,757,0
473,426,355,755,0
462,425,349,753,0
453,420,351,751,0
444,421,355,749,0
439,414,358,749,0
425,397,356,749,0
412,371,352,750,0
394,354,347,751,0
359,348,353,750,0
319,343,344,749,0
270,346,349,745,0
271,364,354,744,0
275,370,359,746,0
287,372,363,747,0
290,366,365,747,0
291,354,365,748,0
288,342,360,748,0
284,324,358,747,0
280,326,358,749,0
290,348,354,750,0
300,363,357,751,0
302,372,367,751,0
301,379,370,752,0
290,382,369,753,0
283,385,368,753,0
266,383,359,752,0
254,370,357,751,0
223,336,351,747,0
205,313,343,744,0
165,301,339,743,0
147,314,345,742,0
158,334,350,744,0
180,354,349,742,0
209,378,352,740,0
217,419,352,739,0
220,460,354,739,0
220,495,356,739,0
213,548,362,741,0
204,607,359,742,0
178,638,360,742,0
170,645,355,739,0
168,624,342,736,0
170,583,334,732,0
167,520,323,726,0
159,420,297,719,0
158,360,319,717,0
170,318,325,715,0
189,269,326,710,0
200,253,324,704,0
203,238,327,699,0
209,228,320,696,0
252,247,310,687,0
292,288,305,675,0
352,307,303,670,0
425,312,317,676,0
466,316,325,683,0
495,316,330,691,0
506,312,340,696,0
504,330,355,698,0
501,331,347,699,0
502,310,346,704,0
510,299,344,707,0
520,282,344,712,0
526,314,349,718,0
522,338,359,719,0
515,362,366,722,0
491,379,370,726,0
470,391,372,730,0
447,402,364,732,0
419,396,364,733,0
408,383,365,736,0
422,357,365,741,0
435,338,369,745,0
441,322,375,753,0
447,305,378,759,0
445,296,382,763,0
445,296,380,767,0
448,279,379,768,0
450,264,382,770,0
448,259,384,771,0
425,263,395,772,0
394,266,400,773,0
361,256,401,775,0
313,244,386,776,0
267,225,372,774,0
241,208,373,773,0
245,198,374,774,0
237,173,373,774,0
263,173,361,773,0
277,189,352,773,0
285,192,339,773,0
308,186,336,773,0
324,190,325,772,0
329,193,311,772,0
332,205,310,771,0
317,223,307,769,0
304,222,301,768,0
308,226,305,767,0
315,226,306,766,0
312,227,309,765,0
304,224,312,764,0
297,225,315,764,0
292,227,318,764,0
292,223,322,763,0
292,209,320,762,0
287,221,316,762,0
309,224,308,761,0
327,220,298,760,0
343,233,296,760,0
356,244,293,760,0
362,251,291,758,0
374,256,291,753,0
380,266,287,747,0
376,279,291,742,0
375,278,289,739,0
381,268,289,734,0
392,279,290,727,0
407,282,292,722,0
423,288,295,719,0
431,296,292,717,0
434,302,299,715,0
434,292,298,711,0
433,283,294,706,0
430,287,293,704,0
428,288,296,700,0
423,296,293,697,0
419,302,297,697,0
416,298,286,695,0
410,285,283,691,0
405,280,282,686,0
400,284,284,684,0
402,301,288,685,0
394,308,291,685,0
390,320,294,686,0
392,323,292,687,0
396,314,288,686,0
401,300,284,686,0
403,293,278,687,0
396,292,288,687,0
382,293,294,689,0
380,304,297,689,0
387,314,298,687,0
393,321,301,683,0
393,329,303,678,0
388,358,300,675,0
378,376,304,676,0
355,407,306,677,0
333,417,318,681,0
316,427,322,683,0
320,437,324,680,0
325,424,313,675,0
318,393,309,663,0
322,375,310,653,0
328,369,308,648,0
328,361,309,644,0
323,376,317,644,0
322,381,324,642,0
323,386,327,644,0
318,402,326,647,0
313,423,324,647,0
307,445,328,649,0
305,494,328,653,0
301,547,332,655,0
295,576,336,658,0
287,597,335,659,0
289,612,335,660,0
285,607,327,660,0
285,575,320,653,0
282,507,317,644,0
278,402,313,641,0
272,307,302,640,0
263,251,299,645,0
265,207,290,647,0
273,179,297,646,0
287,173,300,647,0
289,188,303,643,0
293,205,308,642,0
293,221,312,638,0
297,261,311,639,0
305,274,312,640,0
306,290,311,639,0
292,303,314,639,0
254,311,312,641,0
227,318,318,648,0
204,331,323,662,0
193,327,325,679,0
194,327,330,691,0
197,315,336,696,0
228,321,347,700,0
264,325,347,702,0
288,331,349,705,0
291,327,353,706,0
295,331,357,708,0
302,327,355,708,0
312,326,348,707,0
320,336,344,701,0
335,355,345,699,0
339,363,346,696,0
324,383,335,697,0
321,399,330,698,0
335,407,321,698,0
352,409,305,697,0
374,394,310,696,0
389,384,319,696,0
407,383,317,691,0
411,385,320,688,0
410,388,323,687,0
420,391,328,685,0
428,393,336,687,0
427,382,334,688,0
429,367,337,688,0
434,359,335,687,0
440,360,338,681,0
441,352,337,677,0
445,339,329,671,0
445,336,326,669,0
444,341,326,671,0
444,352,319,672,0
442,364,317,674,0
425,393,320,678,0
425,406,325,680,0
425,410,323,679,0
426,414,328,677,0
427,415,330,677,0
427,414,333,676,0
423,413,331,672,0
419,415,332,669,0
420,422,335,670,0
427,435,348,673,0
435,448,356,678,0
445,452,360,682,0
448,445,358,685,0
455,439,355,683,0
463,433,349,678,0
464,426,348,672,0
461,410,346,668,0
452,404,349,668,0
440,407,354,671,0
427,414,360,678,0
412,407,358,681,0
406,400,357,684,0
392,393,352,684,0
390,391,351,683,0
377,381,350,681,0
359,381,347,681,0
328,381,342,679,0
322,381,340,677,0
312,374,334,676,0
312,368,330,677,0
297,374,339,679,0
281,394,343,684,0
262,401,344,687,0
224,417,344,690,0
211,415,342,692,0
217,426,339,691,0
217,425,340,691,0
203,425,339,688,0
190,411,340,686,0
179,402,340,686,0
147,398,338,685,0
142,381,334,683,0
154,377,329,680,0
152,386,328,677,0
126,390,329,674,0
138,392,329,672,0
139,393,326,669,0
159,401,325,665,0
196,407,326,663,0
204,406,328,658,0
209,404,328,656,0
183,411,329,657,0
166,429,335,662,0
160,462,340,666,0
157,524,345,669,0
141,573,348,672,0
124,615,352,674,0
119,648,346,677,0
110,653,334,679,0
103,614,315,678,0
90,537,294,673,0
88,340,249,664,0
104,163,217,652,0
175,0,225,649,0
259,0,230,641,0
307,0,231,638,0
347,0,236,633,0
392,0,216,613,0
388,0,227,605,0
380,0,249,609,0
357,75,278,616,0
348,159,301,637,0
352,221,330,659,0
376,256,352,680,0
391,240,359,685,0
404,215,360,690,0
390,202,367,696,0
381,186,370,698,0
374,185,376,701,0
383,195,382,706,0
408,199,383,712,0
425,205,386,716,0
436,211,390,721,0
446,222,401,724,0
450,233,399,729,0
456,234,400,733,0
453,232,402,735,0
448,232,402,737,0
437,233,399,738,0
433,235,396,735,0
423,243,387,733,0
415,246,377,735,0
376,239,370,740,0
336,223,372,747,0
307,223,366,748,0
292,214,353,747,0
301,212,350,747,0
304,216,352,745,0
305,209,349,741,0
288,176,348,736,0
254,155,347,726,0
236,155,327,716,0
236,150,312,711,0
259,151,309,711,0
258,154,301,713,0
260,161,294,711,0
272,170,289,707,0
280,183,290,697,0
279,180,287,694,0
275,157,284,696,0
264,155,286,697,0
249,150,288,699,0
270,158,290,698,0
285,175,295,700,0
305,197,295,708,0
310,221,301,711,0
304,242,304,715,0
297,241,309,718,0
272,246,310,719,0
241,222,300,719,0
211,213,298,716,0
189,186,295,708,0
153,173,290,705,0
153,185,295,703,0
158,215,299,702,0
176,253,303,703,0
218,275,304,707,0
244,304,307,713,0
266,312,309,715,0
260,323,310,716,0
246,317,310,718,0
207,303,312,718,0
172,297,311,720,0
154,298,312,718,0
144,302,311,716,0
155,308,311,710,0
170,323,313,694,0
194,338,313,686,0
188,358,314,684,0
187,405,330,687,0
183,435,335,690,0
152,458,338,695,0
148,476,341,702,0
134,488,342,708,0
131,496,340,709,0
121,504,332,703,0
113,505,323,702,0
99,508,322,699,0
89,516,319,696,0
84,538,318,693,0
75,537,310,691,0
67,487,300,689,0
58,399,276,691,0
48,300,249,696,0
48,194,255,700,0
64,110,261,709,0
68,27,267,715,0
68,0,272,719,0
100,0,274,719,0
129,0,278,723,0
163,6,275,724,0
195,117,290,721,0
253,196,295,707,0
266,261,295,694,0
265,277,284,688,0
280,279,278,689,0
323,255,274,690,0
357,218,276,688,0
400,208,231,683,0
436,222,211,678,0
478,247,200,676,0
490,265,180,674,0
501,278,175,678,0
497,299,171,681,0
487,301,158,683,0
476,306,165,683,0
462,308,176,682,0
458,310,193,682,0
473,311,203,682,0
480,314,207,682,0
472,325,218,683,0
453,327,229,684,0
435,330,235,686,0
413,324,255,685,0
408,324,269,681,0
419,323,283,680,0
423,325,287,681,0
423,317,284,681,0
418,308,267,682,0
412,304,254,683,0
411,311,253,680,0
421,321,244,672,0
443,333,218,670,0
459,352,217,671,0
468,366,200,671,0
474,373,193,666,0
466,377,179,661,0
462,368,160,657,0
450,351,154,656,0
444,345,180,659,0
448,354,202,658,0
456,361,212,657,0
471,365,220,653,0
483,364,219,647,0
490,364,228,642,0
495,365,235,642,0
495,368,244,641,0
495,368,246,641,0
492,367,259,641,0
493,361,259,643,0
487,371,274,648,0
475,372,278,654,0
454,375,276,655,0
414,378,275,657,0
380,381,276,659,0
357,384,276,660,0
354,379,281,659,0
364,362,283,657,0
372,350,282,656,0
376,346,277,655,0
376,350,282,655,0
368,364,285,659,0
372,384,296,664,0
374,391,293,665,0
385,395,295,666,0
406,391,290,667,0
411,385,289,667,0
412,375,287,666,0
406,367,281,663,0
409,361,283,656,0
413,365,290,653,0
420,384,297,649,0
431,384,297,651,0
434,388,299,655,0
434,389,300,659,0
433,396,309,661,0
432,401,312,666,0
428,402,310,668,0
420,398,312,669,0
411,397,314,669,0
401,381,315,665,0
390,382,314,661,0
390,392,316,660,0
392,405,314,658,0
391,420,314,659,0
394,443,315,659,0
392,484,319,660,0
389,522,318,662,0
379,560,321,668,0
356,582,328,672,0
334,595,330,674,0
317,598,331,674,0
305,554,306,671,0
301,433,298,664,0
282,310,269,654,0
276,193,214,645,0
305,27,206,640,0
327,0,194,633,0
336,0,195,631,0
324,0,199,618,0
308,34,204,619,0
303,105,238,628,0
278,171,269,640,0
276,227,297,652,0
281,269,310,665,0
291,280,340,674,0
283,289,352,680,0
283,285,357,685,0
285,279,354,686,0
282,268,360,688,0
297,266,365,693,0
313,272,374,697,0
329,277,383,704,0
345,287,384,706,0
359,281,389,709,0
363,283,390,712,0
363,284,387,714,0
361,279,387,715,0
357,272,390,716,0
348,269,390,718,0
335,261,390,719,0
327,261,393,721,0
339,260,392,719,0
343,245,382,719,0
339,232,370,721,0
335,235,370,723,0
326,238,368,723,0
315,243,363,721,0
311,242,359,720,0
335,240,360,720,0
369,249,361,717,0
397,250,358,717,0
418,252,354,718,0
447,243,343,720,0
452,231,338,720,0
450,225,336,722,0
443,219,341,724,0
440,225,348,726,0
440,229,360,728,0
438,227,364,730,0
435,220,376,730,0
435,205,378,734,0
438,193,371,735,0
443,163,375,736,0
446,167,375,737,0
447,175,379,738,0
440,183,384,739,0
437,187,384,740,0
428,190,383,739,0
430,190,379,735,0
439,208,380,733,0
445,224,384,733,0
447,216,377,732,0
452,203,377,731,0
459,196,380,730,0
464,182,376,732,0
472,184,375,732,0
476,181,377,729,0
473,180,375,729,0
473,176,379,727,0
475,174,380,726,0
477,176,373,726,0
476,174,372,726,0
478,178,370,727,0
482,186,376,727,0
486,186,381,727,0
488,190,386,726,0
493,192,387,726,0
496,191,387,727,0
493,181,385,727,0
491,182,387,726,0
490,190,390,727,0
491,202,389,728,0
496,203,390,728,0
496,208,393,729,0
498,209,395,729,0
494,201,394,728,0
487,198,393,728,0
485,194,395,729,0
488,206,396,730,0
490,222,397,731,0
489,230,404,734,0
496,223,405,733,0
498,210,403,732,0
495,190,399,732,0
486,191,404,733,0
461,203,406,734,0
451,231,411,734,0
449,244,413,733,0
449,266,412,729,0
456,288,403,725,0
462,321,396,723,0
451,353,399,725,0
449,388,407,727,0
447,410,408,730,0
451,398,403,730,0
452,327,394,730,0
446,256,376,727,0
432,143,360,723,0
417,92,342,722,0
397,46,354,725,0
387,18,359,728,0
383,41,359,729,0
389,82,359,729,0
397,124,368,727,0
400,163,371,723,0
405,170,375,721,0
408,151,378,718,0
408,144,382,718,0
402,137,383,719,0
392,132,392,720,0
370,129,392,721,0
345,126,391,721,0
323,122,391,721,0
308,117,385,722,0
288,119,378,722,0
261,131,378,724,0
236,139,380,724,0
224,146,384,722,0
222,154,384,719,0
222,173,384,722,0
260,194,380,724,0
320,181,369,724,0
327,152,344,722,0
308,132,321,722,0
347,88,312,715,0
378,99,313,711,0
404,132,316,705,0
456,169,298,697,0
483,219,284,697,0
498,232,271,693,0
509,241,266,692,0
519,256,278,693,0
529,268,307,694,0
536,279,317,696,0
549,291,324,694,0
552,298,326,693,0
555,307,327,690,0
560,313,330,687,0
568,331,331,685,0
581,357,330,682,0
589,374,333,683,0
592,387,333,683,0
596,387,335,685,0
596,374,328,685,0
597,359,310,682,0
599,341,294,679,0
601,341,290,678,0
604,341,284,675,0
605,346,271,673,0
599,347,262,672,0
589,350,261,671,0
580,354,263,670,0
572,362,267,668,0
569,375,271,666,0
563,392,276,666,0
559,405,285,668,0
557,412,288,667,0
553,401,275,665,0
550,389,278,664,0
549,374,281,664,0
548,360,289,664,0
546,359,294,664,0
544,365,293,664,0
542,374,294,666,0
541,388,290,666,0
539,385,275,665,0
533,365,270,664,0
535,357,262,668,0
535,368,270,668,0
540,390,282,673,0
542,408,293,676,0
543,416,291,676,0
541,422,290,673,0
537,423,289,671,0
535,421,293,670,0
531,426,298,669,0
528,430,300,670,0
520,425,302,672,0
511,408,295,673,0
500,377,289,674,0
498,367,283,676,0
499,367,284,674,0
500,372,284,672,0
501,382,289,662,0
499,398,291,659,0
490,395,281,657,0
477,389,274,656,0
468,389,281,658,0
462,389,282,661,0
460,393,286,667,0
464,387,292,670,0
468,385,299,670,0
477,386,303,663,0
482,389,303,656,0
483,392,304,650,0
473,400,305,649,0
449,420,309,651,0
432,430,312,650,0
424,434,316,652,0
420,444,318,652,0
428,447,317,655,0
438,467,320,655,0
446,518,323,656,0
456,567,323,658,0
461,595,326,657,0
453,623,324,658,0
431,631,313,656,0
402,600,299,652,0
357,527,281,646,0
318,404,258,639,0
316,309,223,637,0
341,237,234,635,0
363,151,253,637,0
385,107,262,636,0
399,96,269,637,0
407,80,268,630,0
425,109,271,627,0
414,166,301,633,0
366,228,323,656,0
337,254,354,677,0
307,289,392,690,0
290,330,425,704,0
266,328,444,700,0
251,317,456,694,0
246,313,460,690,0
257,304,452,692,0
268,305,450,697,0
270,292,452,706,0
295,288,453,718,0
325,280,443,725,0
340,269,440,728,0
348,259,444,732,0
356,243,448,735,0
353,235,452,739,0
340,220,453,743,0
337,214,454,747,0
330,207,454,746,0
327,212,451,747,0
319,210,443,745,0
294,211,437,745,0
249,202,427,745,0
226,189,404,745,0
207,179,385,745,0
220,186,387,745,0
259,204,402,746,0
283,221,404,745,0
295,232,402,745,0
295,228,398,746,0
292,223,389,745,0
280,217,389,745,0
270,204,388,745,0
265,181,388,745,0
271,183,391,745,0
277,200,393,745,0
282,214,380,746,0
273,218,381,748,0
270,219,379,752,0
255,219,364,753,0
243,188,349,756,0
214,162,340,755,0
202,157,341,753,0
216,170,346,747,0
239,195,353,745,0
251,214,354,747,0
258,232,352,749,0
260,234,342,752,0
250,234,336,754,0
233,237,343,755,0
223,237,345,754,0
214,229,341,751,0
208,215,338,747,0
205,211,340,742,0
213,219,346,740,0
220,254,345,740,0
210,271,347,741,0
203,280,343,743,0
198,285,341,744,0
195,287,331,742,0
180,286,328,736,0
149,283,323,732,0
139,241,317,729,0
130,222,307,724,0
109,173,292,718,0
102,158,293,711,0
122,160,292,707,0
137,180,296,704,0
144,214,299,703,0
148,240,303,706,0
151,249,305,706,0
155,259,303,707,0
147,267,301,708,0
135,262,300,708,0
117,248,301,706,0
106,235,298,705,0
71,180,296,700,0
69,132,287,689,0
90,151,303,685,0
99,188,308,684,0
115,248,315,687,0
138,277,325,690,0
145,281,327,695,0
150,301,326,695,0
152,302,322,695,0
144,289,316,692,0
129,264,309,692,0
104,238,309,690,0
64,239,310,686,0
58,268,314,680,0
60,311,323,676,0
85,372,330,675,0
87,433,332,675,0
91,472,332,676,0
95,497,327,680,0
90,495,313,683,0
67,455,294,687,0
0,343,273,686,0
0,228,219,677,0
0,135,223,668,0
0,30,245,661,0
34,0,254,652,0
87,0,256,640,0
118,0,253,629,0
140,0,249,626,0
146,0,253,633,0
152,42,260,642,0
162,133,273,642,0
158,207,258,634,0
160,227,251,633,0
173,209,259,638,0
213,185,256,642,0
310,187,245,651,0
362,214,257,658,0
421,251,265,660,0
452,268,261,663,0
455,274,256,665,0
456,282,261,671,0
452,295,278,676,0
457,296,286,681,0
462,320,292,683,0
467,324,299,683,0
466,326,305,681,0
475,335,308,681,0
478,339,309,678,0
493,343,313,677,0
506,355,316,680,0
519,355,318,680,0
518,347,320,683,0
525,352,326,685,0
536,354,324,680,0
545,349,305,672,0
553,341,288,670,0
561,327,268,670,0
562,320,267,670,0
560,311,268,672,0
554,310,287,674,0
545,295,289,675,0
544,290,289,674,0
538,284,281,672,0
540,281,275,666,0
545,285,261,663,0
559,294,246,664,0
554,310,253,669,0
509,333,269,677,0
460,338,278,688,0
410,334,283,695,0
382,333,292,698,0
359,340,305,697,0
333,343,322,695,0
340,350,326,693,0
349,349,330,689,0
358,341,325,685,0
361,338,320,685,0
357,331,311,689,0
345,326,313,690,0
333,314,314,689,0
328,308,315,691,0
324,312,318,690,0
314,321,322,688,0
320,329,323,683,0
333,315,317,683,0
364,289,319,680,0
378,269,314,680,0
388,269,311,675,0
388,274,322,673,0
387,290,327,673,0
382,303,338,675,0
368,311,341,676,0
358,313,338,676,0
354,282,324,672,0
365,263,315,666,0
390,229,301,656,0
411,200,289,648,0
431,197,302,647,0
443,200,307,649,0
441,208,310,654,0
437,218,315,658,0
434,220,313,657,0
429,208,297,651,0
435,209,298,640,0
465,209,301,629,0
513,197,306,625,0
542,203,318,625,0
552,210,323,627,0
555,219,323,628,0
554,234,326,630,0
551,244,329,629,0
542,253,336,628,0
532,250,336,628,0
521,251,337,628,0
519,253,336,628,0
530,255,336,624,0
540,255,336,611,0
552,257,337,606,0
556,255,336,599,0
556,270,339,592,0
555,274,343,599,0
547,278,344,607,0
535,281,347,614,0
522,281,349,621,0
507,289,346,614,0
471,299,344,611,0
408,312,341,608,0
385,323,341,607,0
383,337,343,608,0
392,370,341,607,0
406,403,339,604,0
415,433,340,603,0
423,468,345,601,0
420,499,351,603,0
411,522,354,607,0
392,527,355,615,0
371,541,357,623,0
351,544,358,626,0
350,533,356,620,0
353,486,345,606,0
345,373,335,586,0
320,274,325,573,0
293,158,330,559,0
270,34,322,558,0
260,0,323,559,0
261,0,322,566,0
262,0,325,570,0
273,0,330,569,0
273,57,327,568,0
257,134,328,572,0
241,189,327,576,0
229,216,326,580,0
227,223,322,583,0
219,229,320,583,0
209,231,325,590,0
184,240,327,608,0
128,233,335,623,0
99,207,352,636,0
52,206,384,656,0
0,195,394,671,0
0,182,414,682,0
0,179,423,686,0
0,203,422,680,0
0,219,423,675,0
0,222,424,673,0
23,237,420,673,0
31,248,424,678,0
70,253,426,687,0
79,250,421,696,0
99,242,413,700,0
117,240,409,704,0
123,239,411,703,0
121,236,411,700,0
107,236,411,698,0
100,237,409,696,0
65,230,399,695,0
63,217,389,695,0
56,196,384,696,0
42,192,383,696,0
34,192,378,695,0
31,192,370,696,0
0,198,369,700,0
0,219,373,700,0
0,239,375,701,0
0,255,378,702,0
0,272,380,704,0
23,278,379,705,0
31,279,383,708,0
32,279,387,709,0
27,274,386,706,0
0,260,392,705,0
0,264,393,706,0
0,269,396,708,0
13,268,396,711,0
0,260,394,711,0
0,255,388,713,0
0,246,381,715,0
0,243,380,718,0
0,246,381,721,0
0,249,383,721,0
0,252,386,719,0
0,247,383,714,0
0,239,379,708,0
0,245,377,704,0
0,242,360,704,0
0,233,351,705,0
0,237,347,705,0
0,240,347,706,0
0,238,344,705,0
0,241,339,706,0
0,243,336,705,0
0,238,336,705,0
0,241,341,704,0
0,251,343,700,0
0,267,345,696,0
0,274,347,693,0
0,276,345,692,0
0,278,345,692,0
0,279,345,694,0
15,267,342,694,0
16,250,339,694,0
18,238,330,693,0
27,230,333,696,0
34,221,327,696,0
0,215,322,699,0
0,212,317,701,0
0,217,320,704,0
0,246,327,707,0
0,262,329,708,0
0,268,330,707,0
0,265,328,703,0
0,245,323,699,0
0,239,317,697,0
0,229,315,697,0
0,211,309,702,0
0,216,305,704,0
0,215,309,705,0
0,214,312,705,0
0,209,309,706,0
0,207,313,707,0
0,217,320,708,0
0,219,327,711,0
0,224,332,712,0
0,226,335,714,0
0,230,337,714,0
0,228,336,712,0
0,217,329,709,0
0,213,324,707,0
0,212,323,706,0
0,217,327,708,0
0,222,334,710,0
0,227,339,711,0
0,242,342,710,0
0,320,343,710,0
0,388,349,710,0
0,482,356,712,0
0,542,358,717,0
0,571,358,719,0
0,571,346,718,0
0,510,316,716,0
0,385,285,706,0
0,282,236,696,0
0,174,248,684,0
30,81,264,681,0
90,66,293,684,0
141,103,308,688,0
192,114,313,690,0
211,136,313,695,0
237,157,315,695,0
260,216,313,697,0
277,281,319,697,0
293,297,320,695,0
316,305,330,689,0
326,298,343,678,0
323,266,324,673,0
329,217,299,677,0
330,168,264,677,0
397,124,246,673,0
448,132,232,667,0
478,224,249,659,0
496,291,249,654,0
496,339,247,658,0
484,348,239,665,0
481,349,232,669,0
477,343,226,670,0
483,322,234,669,0
484,313,248,667,0
482,304,266,669,0
491,297,285,668,0
493,291,296,669,0
491,294,298,676,0
493,293,304,679,0
492,299,317,685,0
480,310,310,686,0
467,314,311,685,0
448,316,311,684,0
425,313,310,685,0
410,310,292,686,0
427,302,285,684,0
448,323,286,682,0
471,333,291,684,0
490,332,287,686,0
495,319,277,686,0
496,298,271,688,0
488,291,279,691,0
481,292,287,693,0
482,295,293,695,0
485,302,288,694,0
487,294,286,694,0
507,289,285,688,0
524,298,278,682,0
536,301,271,679,0
542,303,260,676,0
546,309,238,675,0
544,313,257,676,0
545,315,269,677,0
543,321,279,677,0
538,325,283,677,0
537,338,283,676,0
536,338,276,674,0
539,342,277,673,0
544,352,282,672,0
543,359,287,671,0
547,365,287,669,0
550,371,288,669,0
549,374,288,670,0
543,358,289,670,0
535,350,289,670,0
532,345,290,670,0
530,347,287,666,0
525,361,283,656,0
523,369,279,649,0
523,383,276,644,0
523,385,272,645,0
512,381,267,648,0
504,365,272,649,0
503,358,281,650,0
500,358,287,649,0
497,361,295,649,0
489,364,301,650,0
487,359,302,648,0
476,354,303,646,0
475,349,300,647,0
483,368,301,646,0
490,378,303,643,0
491,402,308,640,0
486,418,310,636,0
480,427,312,634,0
475,435,312,635,0
468,437,313,639,0
461,435,314,640,0
457,434,312,645,0
452,432,313,645,0
446,433,313,642,0
435,440,314,636,0
434,438,314,628,0
440,445,313,622,0
445,457,315,619,0
445,472,318,620,0
445,480,319,623,0
438,486,319,630,0
427,494,320,633,0
423,518,326,637,0
425,560,326,642,0
426,587,325,645,0
425,600,319,642,0
421,600,311,627,0
393,555,302,614,0
346,429,251,613,0
266,311,199,614,0
253,218,208,622,0
254,2,240,627,0
292,0,262,635,0
320,0,284,637,0
328,0,304,643,0
341,0,320,654,0
349,117,331,666,0
347,221,346,682,0
355,287,378,689,0
364,318,414,703,0
352,331,433,715,0
305,336,439,714,0
204,323,445,718,0
129,311,444,714,0
72,303,441,716,0
63,312,446,714,0
63,326,449,714,0
64,338,451,713,0
67,347,452,715,0
68,352,456,715,0
75,348,454,713,0
68,347,448,713,0
62,350,448,714,0
34,353,441,714,0
18,353,440,715,0
0,356,439,715,0
0,350,440,713,0
0,344,434,713,0
0,332,436,714,0
0,319,440,716,0
0,309,439,718,0
0,287,428,719,0
0,276,422,720,0
0,278,416,719,0
0,282,415,719,0
0,290,421,718,0
0,297,426,717,0
0,313,420,717,0
0,326,419,718,0
0,328,422,721,0
0,323,427,723,0
0,315,423,725,0
0,314,422,724,0
0,319,416,722,0
0,325,410,719,0
0,334,407,718,0
0,353,409,717,0
0,368,409,719,0
0,359,410,722,0
0,343,410,724,0
0,333,411,726,0
0,316,407,728,0
0,301,405,727,0
0,287,406,727,0
0,305,404,727,0
0,319,409,728,0
22,326,411,729,0
27,326,413,729,0
33,315,409,730,0
21,302,404,731,0
0,289,406,731,0
0,277,407,731,0
0,272,406,730,0
0,278,412,728,0
5,299,408,725,0
24,314,399,724,0
40,326,392,725,0
37,323,391,726,0
34,309,389,726,0
36,289,382,725,0
60,283,375,724,0
69,280,369,721,0
74,267,362,719,0
76,245,353,716,0
87,242,347,714,0
84,238,354,714,0
88,236,364,715,0
101,246,369,716,0
122,248,372,716,0
129,256,374,718,0
132,265,375,720,0
128,263,371,721,0
123,251,365,720,0
119,249,365,718,0
117,256,363,719,0
120,269,364,719,0
128,285,368,718,0
137,304,371,717,0
141,316,372,717,0
148,319,374,717,0
145,309,374,717,0
132,295,375,718,0
118,293,373,721,0
110,298,375,722,0
107,300,375,722,0
108,295,373,720,0
111,283,367,717,0
108,269,363,713,0
100,266,365,712,0
98,280,369,713,0
88,301,372,717,0
99,319,377,718,0
110,326,377,719,0
115,325,372,720,0
114,326,367,721,0
118,329,368,723,0
108,357,372,724,0
105,386,375,725,0
88,436,375,727,0
85,493,376,727,0
77,514,370,725,0
78,491,349,722,0
76,428,317,716,0
64,319,282,710,0
55,218,277,702,0
67,86,291,697,0
81,57,292,696,0
115,82,300,695,0
176,153,302,696,0
209,196,298,696,0
251,234,295,694,0
273,293,296,690,0
289,335,300,690,0
304,353,314,694,0
332,372,326,701,0
353,352,334,702,0
337,311,320,694,0
316,287,303,691,0
343,227,277,689,0
370,229,260,688,0
389,238,250,687,0
392,252,243,689,0
397,259,246,688,0
392,278,255,694,0
395,293,259,697,0
399,310,261,698,0
397,315,267,697,0
382,304,269,694,0
376,300,271,691,0
374,299,272,690,0
368,304,278,692,0
369,312,282,696,0
375,319,294,698,0
378,329,300,699,0
373,331,303,700,0
372,312,293,701,0
364,284,286,696,0
359,261,280,688,0
359,260,276,681,0
367,258,274,676,0
391,259,275,672,0
410,258,270,677,0
423,253,262,680,0
428,225,240,684,0
424,220,241,686,0
414,219,243,686,0
404,224,251,684,0
397,246,259,682,0
379,250,266,673,0
385,264,274,663,0
405,268,281,659,0
420,267,283,659,0
424,256,283,662,0
419,251,283,668,0
402,243,285,675,0
385,234,286,682,0
369,242,292,684,0
361,247,281,684,0
350,245,278,684,0
346,244,277,682,0
345,242,275,677,0
345,237,260,672,0
322,238,260,672,0
298,241,262,675,0
275,246,260,673,0
250,251,262,672,0
234,251,265,670,0
230,243,262,666,0
240,242,259,662,0
270,242,263,657,0
286,263,268,653,0
292,277,270,654,0
293,287,273,657,0
281,286,272,661,0
268,287,275,669,0
244,288,277,670,0
228,284,278,667,0
231,282,282,664,0
237,278,282,657,0
230,279,279,648,0
225,281,282,640,0
221,288,280,640,0
200,294,283,640,0
183,300,286,640,0
178,303,286,640,0
182,303,287,640,0
187,297,284,639,0
188,287,280,638,0
194,278,278,635,0
195,283,281,636,0
184,291,285,638,0
169,290,286,641,0
174,290,287,641,0
186,279,286,637,0
191,265,281,629,0
192,210,272,628,0
190,196,272,635,0
176,208,279,637,0
158,216,285,642,0
162,228,289,645,0
165,239,289,646,0
170,234,287,644,0
179,219,284,639,0
185,217,285,638,0
187,225,285,642,0
175,242,288,644,0
174,273,290,645,0
177,293,292,644,0
183,306,292,641,0
191,315,293,639,0
195,317,293,640,0
198,323,295,643,0
197,331,296,651,0
192,364,300,651,0
194,403,311,654,0
195,436,308,657,0
199,456,300,654,0
200,480,300,652,0
200,487,298,649,0
191,487,301,647,0
172,493,302,643,0
168,491,303,639,0
165,443,297,633,0
158,318,271,631,0
137,179,260,638,0
121,0,257,641,0
130,0,265,645,0
139,0,270,649,0
158,0,280,653,0
166,0,283,658,0
178,47,297,667,0
180,146,311,674,0
186,237,329,686,0
190,287,347,697,0
180,282,371,701,0
182,280,400,703,0
186,276,410,702,0
176,281,416,701,0
149,282,419,702,0
132,284,421,704,0
120,301,424,706,0
114,306,423,708,0
124,309,424,708,0
121,321,428,708,0
113,321,429,710,0
96,328,431,710,0
94,326,426,710,0
94,325,418,709,0
89,325,415,710,0
87,327,413,711,0
76,328,410,711,0
76,332,411,710,0
73,333,408,709,0
74,335,408,708,0
75,337,411,706,0
72,345,410,707,0
68,349,407,706,0
64,355,403,706,0
52,354,395,707,0
45,354,388,708,0
40,352,382,709,0
39,347,378,710,0
40,347,378,710,0
36,333,371,708,0
36,330,373,708,0
39,331,375,707,0
34,337,374,706,0
36,341,373,705,0
41,347,367,706,0
40,350,370,707,0
39,354,374,708,0
27,357,375,709,0
19,359,372,708,0
11,358,372,709,0
11,357,368,709,0
9,354,366,708,0
0,353,367,708,0
0,354,368,707,0
0,352,368,705,0
0,348,365,703,0
0,354,357,703,0
0,347,356,706,0
0,348,358,706,0
0,343,358,706,0
0,343,359,706,0
0,333,356,704,0
0,333,353,703,0
0,331,351,701,0
0,330,351,702,0
0,326,345,702,0
0,322,340,702,0
0,323,336,702,0
32,326,342,702,0
59,325,343,702,0
61,321,345,701,0
65,309,345,703,0
59,297,344,704,0
44,294,352,705,0
26,294,352,706,0
37,294,348,705,0
49,299,345,701,0
35,305,344,699,0
28,309,345,697,0
26,319,349,694,0
22,331,350,695,0
19,336,353,696,0
19,335,352,694,0
28,330,352,692,0
58,330,352,697,0
64,330,353,700,0
56,329,358,701,0
30,333,361,703,0
51,325,362,704,0
74,315,359,704,0
94,312,360,704,0
119,303,360,704,0
126,295,361,705,0
113,303,361,708,0
78,313,364,711,0
66,325,370,716,0
48,343,373,717,0
51,363,369,713,0
25,378,360,707,0
0,414,359,702,0
0,448,363,703,0
0,484,362,706,0
0,499,364,708,0
0,501,362,711,0
0,471,347,709,0
0,421,335,708,0
0,342,332,706,0
0,273,326,707,0
0,232,327,704,0
0,179,328,704,0
0,124,325,706,0
0,85,317,701,0
0,86,312,694,0
0,118,298,687,0
0,161,289,675,0
0,225,286,668,0
0,257,290,660,0
23,265,304,650,0
75,249,324,647,0
167,189,340,656,0
239,150,359,657,0
288,114,352,660,0
319,92,340,663,0
335,93,333,665,0
369,110,312,667,0
371,129,317,669,0
356,145,315,667,0
344,140,309,670,0
363,124,308,671,0
372,89,307,672,0
364,98,314,675,0
320,126,317,677,0
279,145,324,679,0
287,159,329,685,0
289,165,341,692,0
302,170,345,696,0
303,170,349,701,0
315,167,355,703,0
312,168,355,703,0
309,172,352,700,0
295,166,352,700,0
255,162,349,699,0
232,162,347,702,0
231,169,345,704,0
241,178,345,706,0
265,159,341,707,0
269,137,318,708,0
282,83,310,705,0
284,77,311,699,0
311,75,293,688,0
332,95,277,682,0
345,112,263,671,0
368,128,250,667,0
385,143,239,664,0
396,153,236,659,0
394,155,222,659,0
384,149,217,658,0
377,164,233,657,0
369,164,240,664,0
365,178,259,668,0
362,185,267,671,0
361,189,271,671,0
366,197,277,670,0
366,186,279,673,0
363,185,283,670,0
358,178,279,671,0
344,180,280,675,0
329,185,282,677,0
322,187,281,677,0
324,184,282,673,0
312,192,275,662,0
293,188,266,655,0
289,181,262,651,0
307,183,269,646,0
317,187,271,644,0
331,193,274,639,0
329,203,278,639,0
325,213,275,640,0
316,215,279,642,0
302,221,282,642,0
283,222,284,645,0
272,210,277,647,0
275,210,275,645,0
279,218,276,641,0
286,223,279,634,0
292,227,282,625,0
294,231,281,617,0
293,232,277,610,0
285,227,276,607,0
275,224,276,607,0
269,227,280,607,0
257,227,283,608,0
256,229,280,608,0
257,238,282,609,0
254,252,292,611,0
245,283,297,614,0
233,305,297,619,0
221,319,297,622,0
220,345,297,623,0
217,358,294,621,0
217,394,291,619,0
216,425,295,618,0
210,441,297,619,0
209,462,303,621,0
208,478,305,622,0
196,487,304,624,0
195,483,306,624,0
188,464,307,623,0
188,436,308,617,0
172,349,306,613,0
166,272,271,612,0
152,200,275,615,0
147,89,276,616,0
154,30,271,620,0
163,5,276,622,0
177,35,277,624,0
189,109,280,630,0
195,158,280,634,0
194,208,281,638,0
182,236,281,642,0
176,244,289,647,0
172,246,292,653,0
159,245,299,659,0
118,244,308,665,0
106,245,323,669,0
87,242,322,671,0
73,240,328,674,0
73,243,331,676,0
71,248,334,681,0
75,254,335,684,0
78,253,329,686,0
79,263,331,681,0
79,267,333,680,0
76,270,334,678,0
74,280,334,677,0
73,288,336,676,0
70,288,336,674,0
67,284,333,674,0
70,266,332,671,0
70,247,334,670,0
67,247,336,669,0
63,246,336,664,0
65,243,335,663,0
66,241,335,661,0
69,232,335,657,0
68,224,336,655,0
64,222,337,654,0
59,224,337,654,0
50,223,339,655,0
51,225,343,659,0
45,224,344,662,0
44,229,345,667,0
45,234,346,668,0
46,239,347,667,0
44,236,347,667,0
48,239,348,664,0
52,242,349,665,0
56,245,349,665,0
61,244,348,664,0
60,238,345,664,0
61,235,340,662,0
69,228,335,661,0
70,226,333,658,0
73,217,333,653,0
73,213,334,648,0
74,207,334,645,0
74,203,334,644,0
74,206,334,644,0
74,209,334,646,0
74,207,334,648,0
74,212,335,650,0
73,216,336,653,0
74,220,335,654,0
74,218,334,650,0
74,226,332,648,0
72,230,333,648,0
71,234,335,649,0
70,236,334,649,0
66,240,333,650,0
67,240,333,649,0
69,241,332,650,0
67,243,332,649,0
69,245,334,649,0
68,244,334,648,0
70,240,335,647,0
66,239,338,648,0
61,241,340,650,0
61,244,340,652,0
63,247,340,653,0
63,252,341,655,0
64,251,340,655,0
67,250,341,654,0
72,247,338,651,0
72,246,335,650,0
72,248,328,651,0
71,249,326,653,0
73,253,329,654,0
74,253,330,655,0
73,254,331,655,0
71,254,330,654,0
71,252,325,650,0
72,250,317,649,0
73,252,319,648,0
74,254,322,649,0
71,255,325,651,0
73,252,331,653,0
73,255,332,654,0
74,248,331,655,0
75,246,326,651,0
76,246,314,647,0
76,246,315,645,0
78,247,323,646,0
78,247,331,647,0
77,248,333,647,0
81,247,334,648,0
81,247,332,649,0
85,243,330,649,0
87,237,327,648,0
93,227,315,644,0
100,218,315,642,0
112,214,317,640,0
131,215,317,638,0
136,213,315,637,0
137,213,315,637,0
129,212,316,637,0
124,213,321,639,0
105,208,320,640,0
95,198,312,641,0
93,191,306,641,0
98,187,303,641,0
102,194,305,641,0
125,195,306,640,0
132,198,308,640,0
144,206,309,640,0
156,209,310,640,0
161,209,312,640,0
164,208,314,640,0
165,211,313,639,0
166,211,313,636,0
168,214,319,634,0
162,214,319,634,0
150,214,315,637,0
131,214,315,640,0
128,208,314,643,0
116,200,305,645,0
116,194,303,646,0
130,192,301,647,0
132,192,303,647,0
138,201,304,645,0
146,210,307,645,0
152,211,309,645,0
155,211,311,644,0
154,213,310,645,0
150,215,308,646,0
143,215,309,649,0
136,213,312,652,0
131,215,312,654,0
130,213,314,654,0
128,208,313,653,0
120,206,314,650,0
103,201,314,652,0
102,199,314,652,0
96,198,315,652,0
91,196,315,653,0
88,196,315,653,0
95,195,315,652,0
101,199,317,652,0
124,199,317,651,0
134,199,317,648,0
141,198,317,647,0
150,197,319,645,0
155,191,318,645,0
156,189,318,645,0
156,189,319,647,0
153,189,319,649,0
155,190,319,651,0
157,187,319,652,0
161,185,319,651,0
163,183,318,650,0
167,186,320,649,0
164,186,318,649,0
164,189,318,649,0
159,191,319,650,0
158,193,320,651,0
162,192,321,653,0
166,192,320,653,0
168,191,318,652,0
169,190,319,650,0
170,189,319,649,0
169,192,320,650,0
164,193,320,651,0
165,196,319,651,0
165,195,321,652,0
167,197,323,653,0
169,197,324,654,0
172,194,327,652,0
171,187,328,648,0
172,186,328,647,0
175,190,329,648,0
174,190,330,648,0
175,187,330,649,0
177,187,335,649,0
173,189,336,651,0
168,191,338,653,0
161,192,339,652,0
166,185,338,652,0
165,177,337,652,0
166,165,337,650,0
166,151,331,648,0
169,155,324,647,0
170,163,320,648,0
168,161,319,649,0
156,154,319,650,0
153,148,315,651,0
150,147,316,652,0
151,149,317,653,0
152,151,316,652,0
157,153,315,651,0
162,153,316,650,0
165,150,317,650,0
165,149,317,650,0
165,146,317,651,0
163,146,318,651,0
162,146,319,649,0
162,145,320,648,0
163,146,321,647,0
166,148,321,645,0
168,151,322,645,0
165,152,321,647,0
165,154,320,648,0
168,152,317,648,0
170,149,315,648,0
174,142,315,645,0
