F1,F2,F3,F4,F5
226,194,231,404,517
230,196,233,405,518
231,197,238,406,520
236,196,238,406,521
239,198,240,406,521
239,198,242,406,525
241,199,243,408,525
244,201,244,408,524
249,203,246,409,525
250,210,247,413,524
253,217,248,414,525
252,221,248,417,526
254,224,248,417,527
257,225,249,418,527
256,224,249,413,528
256,219,244,408,529
259,208,241,405,530
259,196,236,403,532
261,186,236,405,532
262,182,238,404,534
263,177,238,402,535
266,185,236,404,535
269,194,240,404,534
271,204,242,406,533
276,228,247,407,533
282,236,253,407,533
290,316,258,412,528
299,379,257,416,523
311,424,259,417,519
321,466,256,412,510
321,470,252,413,505
321,467,250,410,504
315,439,243,407,504
314,381,223,405,500
309,289,222,393,500
314,190,214,387,498
323,80,216,392,499
330,0,217,398,500
336,0,216,397,511
342,0,216,391,516
347,7,215,380,523
351,110,211,371,530
359,188,213,351,537
371,232,201,345,539
383,261,188,331,539
389,263,172,330,538
403,251,172,325,540
419,238,172,319,541
429,215,155,284,541
435,205,146,264,540
442,172,145,262,538
442,152,154,265,535
441,142,169,267,534
443,134,191,263,532
445,114,190,250,533
450,121,196,243,531
457,140,198,228,532
462,151,200,216,533
464,165,201,205,534
465,177,197,198,532
466,179,191,197,530
466,173,188,196,528
469,167,188,205,528
469,155,183,212,524
474,148,173,223,523
477,136,158,226,513
468,153,109,233,507
448,127,52,245,506
438,141,70,272,504
438,132,90,274,501
446,118,103,290,502
454,92,106,298,505
459,93,116,310,504
460,96,120,321,502
462,104,124,329,504
472,108,122,359,505
489,119,114,373,502
509,125,109,385,495
532,131,108,404,489
549,144,119,408,489
564,149,121,413,486
571,159,122,414,479
572,163,120,414,479
567,168,134,421,483
561,184,155,426,485
561,191,155,422,483
568,190,151,417,483
590,209,148,411,479
614,222,134,419,467
635,217,140,435,454
648,212,136,444,454
655,217,132,448,448
655,216,133,451,445
646,220,134,449,445
632,219,146,444,446
613,219,165,442,451
606,231,174,441,450
605,246,180,441,452
609,252,175,441,450
619,256,173,441,449
634,260,178,441,448
648,253,177,443,449
657,256,177,446,448
664,264,175,444,449
669,262,171,444,449
670,263,166,444,447
671,268,165,441,447
675,272,165,433,446
680,279,170,424,443
687,294,182,427,434
694,295,188,431,418
698,293,185,420,416
702,284,188,422,409
703,287,193,430,406
702,293,202,438,408
699,303,211,445,413
699,307,211,450,420
699,310,212,451,430
698,332,213,452,433
697,370,218,454,435
690,397,223,456,434
685,436,227,465,424
682,477,225,470,419
678,487,223,476,416
670,483,221,478,421
659,412,222,480,423
648,313,219,479,421
628,82,207,483,408
600,0,189,489,412
559,0,175,499,411
528,0,173,483,419
500,0,160,464,434
472,0,138,440,451
448,0,120,459,466
442,0,113,471,472
451,0,115,484,482
450,26,116,498,488
437,203,122,512,496
438,295,112,524,495
443,308,178,535,496
456,316,194,539,495
463,299,210,545,485
482,292,216,550,485
501,281,227,556,484
513,275,227,558,485
512,270,233,559,483
512,260,232,561,482
515,239,228,555,483
513,224,223,552,478
505,230,224,557,477
491,235,220,558,476
493,241,214,557,478
501,261,216,553,479
530,278,211,555,486
546,293,219,556,488
559,297,222,559,488
570,304,225,562,489
577,312,230,563,490
582,321,234,562,491
588,327,234,557,488
590,330,233,559,485
589,328,229,557,483
585,321,224,555,479
577,319,224,556,477
573,320,227,560,480
578,330,231,561,472
592,340,229,562,462
607,335,212,573,458
623,320,203,579,446
642,306,200,581,432
651,297,199,578,423
655,300,205,575,416
657,297,242,580,411
663,303,239,568,407
667,304,231,566,399
671,302,230,571,378
672,309,235,576,371
665,321,233,577,363
658,326,235,581,368
649,329,250,581,371
642,332,253,577,377
635,335,251,579,378
639,338,249,575,383
645,340,248,572,386
651,340,249,575,384
658,333,250,579,384
660,324,254,583,384
662,324,256,587,382
662,325,263,586,377
664,331,268,582,376
663,331,270,575,378
663,330,269,578,380
663,322,268,580,382
664,321,270,579,383
661,325,275,579,385
657,327,278,578,384
660,329,279,579,384
663,330,281,579,385
664,336,282,580,385
665,348,282,582,386
668,363,280,585,386
670,409,288,585,389
672,456,295,585,385
672,479,298,580,378
671,489,297,573,377
669,492,299,571,379
664,461,299,571,383
662,402,296,569,383
653,277,286,567,381
650,117,259,562,371
645,0,254,563,372
649,0,242,560,377
651,0,237,551,380
652,0,225,499,381
647,0,202,465,379
649,0,187,409,378
654,0,139,339,372
657,0,84,292,372
653,82,46,254,371
645,156,42,238,380
632,191,47,266,393
631,215,47,312,398
636,206,52,340,394
636,202,68,367,395
635,192,81,394,393
638,194,86,402,397
641,199,83,401,399
646,202,83,416,400
650,209,82,427,400
652,215,89,440,397
651,216,96,450,392
648,223,100,456,390
646,225,96,468,382
648,225,108,479,371
649,217,104,484,367
651,219,90,485,359
653,214,90,487,357
651,216,87,492,352
644,222,82,493,344
635,226,92,494,344
632,234,102,493,344
630,227,94,500,335
623,218,64,504,320
614,190,49,511,313
606,181,51,523,311
607,172,63,535,308
611,186,66,532,306
618,202,70,535,303
621,217,77,539,295
623,213,68,544,291
621,198,64,549,288
619,184,70,549,283
618,189,74,547,278
620,202,87,547,271
625,218,85,548,268
630,219,73,552,265
633,206,63,551,265
632,204,59,553,264
625,208,63,550,269
614,224,72,541,273
606,234,76,542,274
608,234,73,543,271
609,222,60,544,264
598,201,54,543,260
573,188,51,534,259
549,184,51,523,260
541,189,55,515,264
545,196,59,516,270
553,199,58,522,273
573,199,55,527,269
584,196,56,535,267
588,187,58,542,270
588,176,59,547,278
584,179,58,549,279
578,185,60,547,278
572,200,61,546,276
569,205,64,544,280
563,212,69,542,277
557,240,77,541,282
558,277,83,539,286
562,318,111,535,293
564,338,121,537,300
569,375,131,539,312
587,420,136,541,320
605,472,152,538,323
617,480,140,539,328
617,471,126,535,334
614,412,84,529,335
608,355,56,523,328
590,247,27,515,317
580,63,26,499,316
566,0,20,495,322
555,0,15,496,334
539,0,16,516,361
521,0,16,520,377
506,0,16,528,386
493,0,20,528,403
479,0,0,527,420
459,147,0,526,429
433,209,25,523,447
412,246,50,502,451
392,249,70,500,459
404,243,99,512,466
405,242,112,518,483
406,248,122,513,483
403,254,141,505,482
412,251,140,476,482
434,238,134,467,491
464,230,124,457,497
487,222,122,454,494
496,218,126,462,496
494,207,131,475,495
493,210,141,487,494
494,220,151,496,496
495,227,157,500,497
505,234,161,505,501
521,248,168,516,504
531,241,170,529,505
519,218,173,530,509
498,171,179,518,508
474,130,185,507,507
448,137,190,493,503
437,106,196,482,503
416,112,200,471,504
395,132,204,478,506
383,172,206,487,503
359,197,228,495,505
347,212,241,501,506
359,235,242,500,508
383,252,247,500,513
402,254,250,494,518
418,263,258,501,518
445,271,262,508,516
459,266,264,517,520
473,267,264,522,518
482,242,261,523,516
489,240,257,521,522
495,198,249,521,524
504,172,243,525,525
508,159,244,526,521
507,157,242,530,526
500,151,238,528,527
489,146,238,524,523
485,167,237,521,520
481,180,227,520,520
477,183,224,526,520
479,196,221,526,522
470,201,229,525,523
456,207,240,522,523
445,219,244,517,526
434,232,249,521,527
422,267,255,522,528
422,292,258,525,528
429,328,263,524,527
433,376,272,526,532
436,424,271,526,538
450,464,274,526,540
467,482,277,523,543
477,498,278,522,543
477,513,286,517,542
472,512,290,514,542
458,517,300,503,543
457,507,302,492,545
448,443,292,481,540
430,334,276,477,530
406,181,260,474,520
390,4,248,462,510
377,0,248,453,506
368,0,249,444,504
358,0,248,442,508
342,0,251,442,511
347,0,240,445,506
354,89,227,435,501
358,188,215,429,495
362,242,203,408,488
369,261,178,371,481
380,261,157,327,469
397,244,146,305,452
404,224,114,287,447
425,204,105,276,441
441,194,101,305,442
424,199,127,323,428
439,203,151,333,419
464,209,147,356,403
498,216,147,370,402
514,224,141,381,402
530,224,131,392,396
547,232,117,412,385
552,244,130,425,384
559,252,130,437,379
563,256,139,460,375
570,262,142,466,375
578,269,134,464,367
591,274,111,468,358
602,278,96,475,343
596,283,82,485,329
589,284,88,487,330
586,274,77,495,339
586,277,83,495,337
593,278,82,496,339
604,285,89,488,337
621,293,92,488,334
631,301,79,493,335
632,299,80,499,331
623,296,80,507,319
603,292,87,518,317
607,292,89,518,326
620,300,87,522,325
634,301,94,542,321
641,309,107,551,324
645,313,141,561,321
650,320,156,564,324
652,319,153,567,319
655,323,159,569,321
657,327,154,573,321
657,324,153,575,318
658,320,145,575,316
662,321,147,577,314
668,323,136,579,310
674,326,130,585,303
681,321,129,589,293
684,326,130,589,283
685,331,120,588,283
683,325,87,584,288
682,327,91,587,291
683,331,94,587,291
687,332,100,588,288
696,337,101,589,279
703,336,83,590,264
705,345,78,589,269
707,353,79,592,274
709,358,96,596,278
708,358,98,600,286
707,355,100,602,293
704,341,100,603,294
703,332,106,604,293
702,326,110,603,292
703,318,93,599,290
704,318,85,594,294
705,317,87,598,298
704,319,89,599,301
701,324,98,599,310
698,334,112,596,311
695,358,137,597,315
692,391,164,596,315
691,444,176,599,312
692,482,176,602,298
692,482,166,602,286
692,434,113,602,278
691,385,64,600,273
689,330,0,593,278
685,206,0,582,277
675,13,0,574,285
662,0,0,563,309
645,0,0,547,329
629,0,0,537,348
618,0,0,535,351
608,0,0,530,369
596,0,0,525,393
576,147,0,515,409
548,257,0,490,414
524,321,46,479,437
502,339,61,472,456
478,326,86,478,473
468,318,98,493,482
469,310,109,504,490
482,313,119,499,493
483,316,127,495,490
484,316,132,496,491
486,317,135,494,491
491,315,131,494,496
495,308,130,493,498
497,296,133,496,500
498,295,146,510,501
476,312,159,523,502
472,317,169,529,503
480,323,182,532,500
485,329,190,533,500
490,328,182,533,501
496,318,170,525,502
498,300,165,519,499
491,298,160,515,496
484,310,163,520,493
484,313,174,520,484
491,316,175,513,485
493,312,175,515,491
501,306,172,516,494
514,298,164,521,501
530,286,161,521,508
544,294,166,532,512
565,308,166,531,516
583,314,163,531,513
597,316,164,530,510
606,312,163,535,512
609,312,164,533,515
607,308,169,534,518
600,306,176,531,522
592,304,178,528,524
597,307,192,531,530
612,318,196,539,527
625,338,199,542,526
628,347,201,545,524
627,357,210,542,523
622,355,214,538,524
615,353,216,535,525
609,342,213,534,525
606,326,212,534,528
598,318,203,538,528
579,315,200,543,530
567,315,207,547,528
575,316,209,547,528
591,353,214,549,533
601,386,223,547,532
607,411,227,541,531
612,452,234,540,534
613,492,240,543,536
612,535,244,546,542
612,557,245,548,534
602,560,251,548,525
589,532,243,545,509
584,471,229,538,491
582,429,204,530,477
580,321,197,522,460
577,166,204,517,447
568,48,206,519,450
542,0,199,517,441
515,0,180,483,444
479,0,167,455,442
479,80,153,416,425
491,143,143,378,396
512,228,141,365,370
538,272,143,375,358
548,286,172,405,357
549,278,189,423,354
548,250,201,435,354
541,223,211,443,353
535,202,191,451,353
534,195,182,460,349
539,183,182,474,347
541,191,177,486,349
541,192,175,500,347
544,189,189,515,338
552,201,189,519,331
561,205,172,520,325
570,233,146,522,324
578,239,137,525,332
580,249,149,531,332
576,253,155,539,336
574,262,162,545,332
569,262,172,553,328
568,261,176,557,328
580,260,176,555,322
592,263,168,560,322
601,245,134,561,318
613,228,137,565,330
626,222,151,567,327
633,209,150,567,327
626,206,154,568,324
609,205,168,571,326
600,224,174,574,331
593,227,182,573,337
591,236,177,571,338
589,221,176,570,347
588,202,173,568,347
590,178,150,564,349
592,178,145,560,351
593,175,146,558,351
592,174,148,551,350
591,181,147,536,354
591,186,141,516,357
590,187,139,511,359
586,185,134,512,359
576,184,132,515,357
563,182,134,522,358
553,176,127,523,370
560,177,117,520,379
570,179,110,517,390
574,183,101,515,394
584,204,111,516,400
594,291,134,521,392
598,332,156,530,384
596,377,170,534,384
597,410,187,536,387
596,435,193,535,391
591,445,195,529,394
582,448,191,526,396
577,446,190,518,396
569,416,170,510,397
552,382,153,507,395
543,341,154,508,391
542,325,170,504,390
548,316,165,496,390
549,311,170,484,393
542,322,180,483,396
534,323,178,487,393
527,325,181,489,392
516,317,188,491,394
508,284,188,494,391
508,256,177,492,389
506,197,159,485,385
503,154,139,468,378
505,133,117,450,370
507,119,104,441,365
501,113,83,431,364
487,111,83,418,368
472,111,82,397,377
460,105,71,390,386
437,99,73,415,396
423,74,69,426,411
420,72,79,442,419
427,45,120,449,442
408,50,127,453,442
378,56,127,454,445
344,64,83,435,440
311,86,88,415,443
315,119,95,421,447
339,155,104,442,452
369,211,115,456,455
395,227,125,463,455
404,228,126,460,461
410,207,121,459,465
415,214,127,463,473
426,233,144,470,483
436,250,157,472,489
457,260,175,471,496
488,261,177,481,502
505,267,182,489,505
514,269,181,493,503
518,269,189,488,497
519,252,186,476,495
524,235,179,462,495
539,241,171,436,494
572,245,149,404,486
587,273,163,387,471
595,287,185,378,458
608,309,198,381,459
617,318,205,399,463
628,305,210,408,464
627,298,216,423,465
622,275,226,420,465
613,257,232,407,469
595,260,235,396,482
579,269,234,407,492
563,292,234,417,497
533,306,233,425,497
495,312,239,415,501
437,310,227,404,501
390,302,227,380,502
372,274,219,378,506
396,258,217,389,505
421,248,222,403,506
425,247,230,409,503
416,261,235,418,501
407,249,237,422,500
388,266,248,424,497
368,269,257,428,501
330,262,262,434,501
292,254,267,432,501
268,252,270,429,505
252,247,266,430,512
217,222,258,425,518
186,218,256,415,522
121,199,257,406,523
71,203,256,401,523
47,214,261,395,520
51,217,253,397,515
80,217,257,412,515
95,212,256,416,516
96,211,256,421,517
80,212,260,425,516
71,221,269,429,515
71,231,276,431,516
86,241,281,432,518
98,243,278,437,520
79,246,274,439,521
41,245,273,439,522
0,250,273,433,523
0,258,275,432,519
0,261,284,430,518
0,259,289,432,515
0,267,288,433,518
32,269,280,435,519
58,271,280,435,517
58,267,272,441,518
57,249,262,455,518
57,240,252,465,515
61,234,246,461,516
56,233,242,459,514
56,240,248,458,509
61,243,257,455,511
65,260,263,449,510
95,280,264,448,505
160,316,268,454,507
211,365,275,458,512
280,417,286,456,514
314,469,288,448,517
324,511,289,441,517
315,520,294,442,507
289,519,300,449,507
261,497,305,453,503
222,439,301,454,504
202,365,294,454,501
192,307,264,452,496
182,207,279,447,494
159,126,284,443,493
132,33,286,432,492
106,27,291,427,493
86,77,296,429,494
81,180,296,428,495
85,230,293,429,489
88,264,289,427,486
83,279,287,428,481
80,284,288,426,474
90,278,275,424,474
118,262,265,424,478
245,227,234,417,461
355,219,198,417,462
407,193,186,413,452
416,186,186,417,449
416,203,185,425,445
410,207,202,440,434
420,210,204,449,433
430,224,219,453,437
441,243,221,457,443
454,257,227,463,454
474,265,223,478,454
498,265,224,495,454
516,274,216,501,449
533,269,206,505,445
538,263,188,504,431
542,265,187,503,431
544,268,200,504,434
542,275,214,506,431
535,276,210,508,426
537,273,199,515,407
542,272,194,521,385
546,278,189,523,367
553,269,181,522,359
565,264,168,512,353
564,252,155,505,347
553,260,151,505,352
528,250,159,506,351
460,246,165,507,358
392,238,170,499,363
351,248,172,488,373
351,258,171,489,390
368,265,152,490,397
381,274,151,493,399
386,280,157,497,400
383,284,165,502,400
378,289,173,505,393
381,294,182,510,397
386,287,183,526,397
387,281,204,530,399
387,277,215,533,406
394,282,219,537,410
406,285,217,541,411
427,293,215,544,408
446,300,212,547,401
463,298,205,549,391
474,295,197,550,389
480,300,191,552,390
475,297,196,553,389
475,298,212,561,388
472,295,223,574,388
456,295,223,581,391
441,294,218,586,396
430,298,218,587,398
420,299,212,587,402
408,297,211,585,407
403,293,217,585,408
400,285,211,585,405
402,282,207,589,405
402,282,209,589,405
406,283,206,593,407
410,288,210,595,412
414,290,215,596,412
417,287,212,594,417
422,288,210,594,419
418,291,208,594,417
408,298,210,594,417
408,307,216,595,416
408,312,216,596,416
408,317,218,594,416
414,318,216,592,421
424,329,215,588,430
437,355,212,583,434
455,419,218,580,438
469,492,220,574,433
477,503,218,572,431
479,481,213,567,420
486,458,160,558,402
492,392,130,546,393
507,273,111,540,386
526,184,102,532,397
542,8,78,537,421
557,0,74,532,433
569,0,71,526,437
580,0,73,499,443
582,0,77,497,451
579,0,94,475,461
578,126,79,468,467
577,189,84,461,476
559,235,83,432,501
541,253,99,430,514
517,237,110,436,519
490,226,124,442,519
467,205,143,452,519
458,221,154,486,521
478,239,163,497,520
502,263,164,501,517
530,270,176,500,520
543,271,171,496,516
550,274,170,487,517
555,281,173,476,521
561,284,174,464,525
561,287,188,469,525
568,295,205,478,530
572,297,210,485,534
581,302,206,497,532
586,303,208,506,529
593,301,209,509,526
596,295,214,509,522
596,286,215,509,511
598,305,217,510,505
598,309,215,497,504
592,297,209,473,501
587,282,190,466,502
600,282,177,468,501
610,289,180,474,497
623,302,189,477,494
641,311,198,484,484
656,331,208,486,482
664,335,207,482,462
663,326,214,478,460
662,320,216,474,465
666,322,217,474,470
666,325,219,483,477
657,329,222,491,480
650,335,216,500,480
648,343,225,507,479
649,356,233,515,481
652,360,230,512,482
654,362,221,499,489
655,360,206,495,487
657,366,218,497,487
665,367,224,499,488
673,367,231,495,479
680,365,238,495,470
685,367,236,496,451
688,367,223,496,449
686,367,213,499,444
684,360,224,504,442
678,365,228,506,437
666,368,230,507,439
649,366,231,509,444
638,359,229,508,449
642,358,230,508,465
652,362,231,511,470
665,373,243,522,466
671,400,259,529,458
676,439,273,534,448
676,491,286,537,424
676,533,289,538,409
670,536,291,538,394
662,544,285,537,389
649,516,276,530,383
643,460,266,524,376
639,391,243,519,359
627,317,223,515,361
613,232,214,515,359
598,98,219,517,367
579,12,228,519,365
547,0,201,515,362
519,17,204,489,361
514,119,208,480,352
515,200,204,488,344
504,242,199,486,338
486,279,224,504,336
501,273,251,522,338
519,259,259,534,354
526,218,259,540,364
513,188,258,540,382
488,170,245,540,399
454,169,231,536,401
451,150,240,537,397
454,156,255,543,383
469,162,254,549,381
489,168,256,556,389
501,170,258,561,391
510,189,257,564,398
518,197,254,565,407
524,196,240,569,411
532,190,230,567,412
541,189,214,569,415
550,194,213,570,401
551,204,215,572,393
554,223,209,564,394
555,229,212,560,393
554,236,209,559,393
552,241,208,554,384
552,239,241,559,377
547,240,227,562,378
536,236,220,566,376
525,231,225,567,381
514,211,220,562,389
505,198,204,550,403
501,194,184,547,415
487,189,184,554,422
477,196,189,561,423
483,211,188,563,426
499,242,188,563,429
514,268,181,558,434
524,276,185,557,436
531,284,198,556,442
530,286,202,559,446
526,292,203,563,445
517,297,209,564,446
508,299,213,564,444
507,304,213,561,446
508,312,200,555,452
499,319,189,551,454
494,335,193,551,454
490,347,191,552,454
489,350,183,551,453
491,343,181,545,456
489,305,172,536,459
473,242,157,527,460
462,189,143,524,458
465,150,139,526,457
471,133,147,528,456
480,165,153,529,457
487,187,159,531,459
494,225,163,531,459
499,282,173,532,460
499,348,188,538,464
502,454,211,545,466
510,490,228,551,463
518,516,232,553,455
522,537,218,552,450
531,520,184,543,441
536,462,167,533,426
543,409,94,521,424
543,300,85,521,428
545,214,79,510,443
545,63,81,498,465
555,0,70,485,478
568,0,46,466,490
582,0,18,430,494
588,0,22,414,493
600,0,31,411,486
608,102,58,406,485
612,180,57,413,479
596,248,84,407,477
566,252,100,412,487
530,247,110,412,481
493,206,108,423,479
479,177,123,443,470
488,153,128,466,455
503,166,142,481,440
519,198,146,489,430
529,218,148,493,434
535,231,149,493,436
540,242,152,480,436
542,247,151,466,439
539,257,158,450,440
532,263,164,450,448
514,282,178,465,445
505,300,192,477,449
504,321,209,478,445
519,315,209,471,445
534,304,194,473,445
548,285,183,473,445
556,273,176,475,441
552,273,181,480,441
538,292,193,489,431
529,310,226,498,418
535,324,232,506,414
543,337,227,504,417
540,335,217,495,412
541,328,202,487,405
551,320,189,483,398
566,316,181,474,401
582,316,182,461,397
594,326,182,459,386
606,323,184,459,379
622,327,181,459,373
628,308,185,472,364
628,298,190,481,345
631,297,193,479,339
635,294,204,484,339
634,299,219,491,344
635,312,238,501,342
635,330,245,500,351
637,331,250,500,352
639,338,249,501,354
643,339,241,505,356
639,336,231,504,354
641,327,223,502,352
643,321,228,504,351
645,318,230,509,347
646,318,234,512,347
648,320,234,507,344
654,316,230,509,334
659,317,224,508,333
660,315,217,505,329
662,313,221,505,316
663,309,229,502,299
663,303,235,509,296
667,308,238,509,296
672,308,238,506,301
673,308,235,505,300
676,308,234,509,298
678,307,225,513,297
679,308,219,518,297
681,303,225,524,299
682,304,228,530,299
683,299,231,536,303
683,283,230,540,310
680,287,233,542,311
681,292,235,544,311
682,303,245,541,310
683,305,241,538,308
683,307,238,531,308
682,307,239,530,308
679,311,244,530,309
673,321,249,530,313
670,329,251,531,324
664,341,253,534,335
658,398,255,540,350
654,466,267,545,337
648,488,259,546,335
644,490,256,549,334
646,455,254,547,330
650,394,240,546,325
647,284,220,546,320
638,177,182,544,327
626,5,189,540,334
606,0,200,540,338
581,0,205,531,341
557,0,214,515,348
536,0,220,488,348
528,10,220,488,349
539,132,226,513,348
554,218,238,532,349
570,273,253,549,354
580,308,266,573,361
585,302,273,595,393
576,277,274,602,405
564,255,270,606,414
544,226,276,607,418
523,213,269,605,408
488,216,272,598,397
467,228,265,598,400
449,224,265,597,392
437,221,266,595,380
438,224,263,590,369
453,226,265,592,367
475,251,267,592,360
485,263,275,599,358
489,274,272,604,350
488,276,280,603,345
485,274,271,609,340
477,261,268,610,340
470,249,272,612,339
470,243,281,614,338
462,244,281,613,336
452,250,274,614,339
432,241,266,614,339
409,212,255,608,340
393,198,236,611,344
396,192,233,610,352
412,191,238,613,354
432,194,233,617,359
438,187,234,620,359
432,192,237,622,356
415,210,248,616,356
417,211,248,622,359
416,213,252,618,361
410,211,253,610,364
400,209,250,610,368
386,211,239,612,375
378,201,233,612,382
364,192,225,615,392
351,182,217,613,393
333,176,218,609,395
328,174,216,604,392
340,193,213,606,391
365,204,204,605,392
382,220,196,599,395
401,230,194,601,393
401,236,205,605,395
398,237,212,604,402
397,237,216,600,407
390,238,212,597,416
374,238,201,598,424
363,233,201,596,429
333,226,203,596,426
293,216,202,599,426
278,215,199,596,422
289,214,188,592,423
301,215,169,587,430
308,208,162,586,430
303,206,168,590,431
293,212,171,590,421
286,209,170,591,420
268,207,178,593,420
248,202,178,595,425
253,196,181,591,434
264,200,170,585,438
269,200,172,584,442
276,202,180,586,441
281,212,188,587,438
280,217,201,588,443
245,215,200,591,442
206,203,190,591,446
191,197,183,588,450
178,200,183,588,448
151,197,193,588,446
127,194,191,587,444
120,190,188,583,445
124,193,179,580,453
132,201,171,574,454
153,219,174,570,460
169,232,177,570,458
174,255,181,573,462
163,287,192,576,467
153,324,207,579,472
148,342,211,581,472
131,348,217,581,474
122,359,218,573,473
113,367,219,574,473
102,368,217,572,474
111,378,217,569,477
123,438,226,566,477
145,480,226,563,470
163,501,222,553,466
178,523,210,541,469
178,514,197,534,467
174,477,167,527,459
173,399,116,525,452
200,254,99,523,460
263,71,100,522,467
303,0,103,524,466
353,0,100,518,464
387,0,85,510,460
423,0,55,496,460
459,0,37,458,448
477,0,41,407,430
497,36,46,396,425
499,160,0,381,431
503,241,59,362,438
482,269,65,349,463
480,285,68,349,459
479,266,88,374,464
486,243,105,392,463
502,220,107,419,464
513,220,109,432,466
522,219,106,458,465
540,228,111,479,466
556,233,119,491,464
571,244,122,487,464
576,250,126,466,463
576,263,126,452,460
574,268,120,446,459
571,266,130,452,460
579,258,140,467,458
582,260,141,472,460
585,259,141,479,451
584,254,145,485,439
584,258,153,494,439
583,258,158,491,438
584,268,159,492,436
585,273,171,494,438
588,282,171,491,440
595,295,175,488,440
600,285,177,484,448
604,283,174,493,458
606,266,164,502,459
607,260,168,505,451
609,266,172,512,454
606,268,176,521,456
609,273,180,526,448
601,277,180,532,431
598,284,186,532,430
591,249,189,528,430
585,239,177,518,435
586,235,173,517,435
583,244,175,524,441
576,262,190,533,439
566,278,202,540,435
549,284,199,540,435
525,275,193,536,439
496,255,180,517,445
472,239,160,505,447
459,235,150,502,447
442,225,147,495,450
432,225,147,500,451
416,229,149,506,451
407,229,150,509,452
404,227,149,513,452
409,226,138,504,452
426,225,137,497,455
436,236,138,489,455
447,247,142,486,456
445,257,152,493,454
444,265,161,498,454
442,269,159,502,457
441,270,155,502,466
438,270,155,502,468
431,272,152,503,472
433,279,157,505,479
442,267,162,508,483
451,276,169,509,490
456,291,174,511,491
454,294,177,510,497
450,290,180,505,499
442,283,182,503,501
430,281,182,504,504
426,289,186,506,507
438,297,189,506,510
450,313,203,508,518
465,324,208,509,523
475,331,205,507,524
476,328,204,500,527
477,326,206,498,530
471,329,209,499,532
473,330,217,499,528
477,336,214,503,530
481,343,214,502,529
484,347,217,501,529
483,347,219,490,527
478,350,220,479,526
467,353,222,480,528
465,377,232,488,534
474,442,242,493,545
483,472,253,499,551
489,501,263,500,550
497,510,260,502,549
498,511,257,494,550
497,493,244,486,549
495,455,239,483,545
488,413,234,484,540
465,356,230,487,536
423,314,223,489,532
380,238,218,484,531
337,184,216,468,532
281,157,213,449,533
208,169,207,426,520
143,190,193,424,514
141,207,175,452,489
176,225,150,465,474
205,227,131,478,464
230,249,128,493,453
257,228,145,509,450
294,243,178,513,449
320,259,172,528,451
335,254,160,532,464
333,257,178,535,471
333,293,165,540,467
334,285,170,540,464
344,285,166,541,470
357,302,163,548,473
360,306,161,545,472
340,317,167,547,465
328,319,181,548,472
320,314,186,552,482
315,307,186,552,485
320,300,192,554,482
325,301,202,557,482
344,320,202,561,479
367,326,206,564,478
379,323,209,567,478
388,322,208,569,476
389,321,212,567,477
385,324,217,566,480
374,329,225,565,482
391,317,224,555,479
417,297,199,556,463
461,287,186,560,454
484,280,178,565,435
495,275,171,562,434
507,273,168,552,428
526,265,160,541,434
550,255,161,540,423
569,260,158,533,417
579,265,168,534,407
590,268,175,540,401
598,260,181,543,395
601,261,180,546,398
606,266,178,547,399
610,284,184,546,401
610,290,179,544,408
610,299,183,542,413
615,303,186,542,417
629,303,194,543,414
638,304,200,543,409
644,306,203,545,397
650,312,199,546,392
648,316,208,550,390
640,323,218,552,388
632,324,220,555,387
623,323,223,555,391
620,317,223,552,390
625,318,222,550,395
633,320,221,551,403
641,325,221,550,410
642,340,229,548,405
640,348,236,548,401
627,371,249,551,393
622,387,268,552,392
620,409,285,554,391
619,413,287,554,391
612,419,291,553,396
612,439,294,552,402
617,463,297,553,401
624,470,301,552,388
629,496,302,544,386
632,496,302,538,392
629,498,307,537,391
621,475,309,537,392
612,428,308,536,391
602,346,292,532,390
599,268,253,527,388
593,138,244,528,381
592,44,222,532,382
595,0,217,534,380
601,0,219,528,386
606,0,208,522,384
612,53,194,502,373
606,112,188,438,368
591,180,181,399,364
596,202,149,358,352
587,229,111,324,345
589,239,93,302,349
573,240,106,316,358
549,236,119,349,356
535,211,122,380,384
506,200,130,408,396
478,193,131,408,413
475,187,126,402,428
484,195,115,384,449
487,197,113,371,459
493,215,109,366,461
502,225,110,366,470
520,237,119,383,474
537,246,129,410,478
553,253,133,425,482
557,263,134,442,482
554,276,138,454,477
553,280,141,462,472
553,278,137,464,472
553,282,138,456,472
554,285,147,462,469
564,297,159,469,468
574,304,165,461,471
590,321,152,457,467
611,329,140,442,460
632,326,109,442,448
641,325,111,443,437
640,311,129,442,438
628,311,150,451,439
613,314,173,454,440
608,325,174,456,442
613,318,165,447,436
621,316,152,443,433
640,309,147,463,424
660,303,153,485,421
672,307,155,498,409
676,307,162,504,408
679,310,166,505,407
680,316,172,499,409
683,321,174,490,414
681,322,176,493,413
677,329,177,484,413
675,333,179,489,412
670,338,185,495,414
666,347,200,497,416
661,348,204,496,419
657,354,206,491,425
654,355,212,490,433
647,362,215,491,443
639,381,221,489,447
629,414,232,490,450
623,458,234,492,450
624,463,227,495,450
623,482,225,497,453
620,467,225,501,453
618,414,227,500,452
607,367,227,493,453
595,353,218,488,450
585,317,219,470,447
570,284,211,456,442
547,249,213,452,446
525,254,199,442,452
508,258,194,433,456
495,236,190,429,463
472,259,190,422,470
446,276,193,419,469
419,283,210,425,474
398,285,201,425,475
363,271,197,410,481
328,266,185,422,481
294,253,182,435,481
273,238,152,450,469
226,205,136,465,462
200,192,108,489,461
143,168,101,507,460
133,156,108,518,451
164,157,105,536,440
233,162,121,539,442
279,193,140,546,447
323,209,155,543,446
360,225,162,537,439
380,237,174,533,420
387,228,178,529,412
390,220,180,521,409
413,205,164,506,413
437,200,156,503,419
446,202,164,500,420
438,203,176,498,410
426,204,184,494,405
416,209,188,494,407
410,217,201,485,407
407,223,206,470,417
397,233,211,447,415
383,245,211,420,411
368,253,211,404,418
347,248,209,392,412
333,247,211,368,416
320,245,213,355,413
303,247,207,330,419
287,242,208,303,420
278,238,209,267,429
253,229,209,267,436
219,215,202,260,444
188,203,213,261,457
133,202,212,252,467
102,200,216,247,482
85,198,223,243,491
55,207,226,245,495
46,218,236,242,496
48,219,240,234,504
65,224,243,235,499
85,226,240,229,503
109,234,244,226,501
117,236,247,229,504
123,239,252,230,505
125,247,253,227,502
128,249,257,221,500
131,246,259,222,499
132,247,257,225,502
127,244,259,226,506
127,245,261,227,506
129,246,259,223,504
137,249,256,219,505
145,248,257,213,507
157,248,255,200,507
180,247,253,188,509
187,243,260,187,511
188,244,257,184,511
178,243,242,180,516
174,252,249,179,512
170,257,255,168,512
153,261,252,153,507
143,261,255,148,512
140,261,254,150,505
131,260,260,146,506
123,261,265,148,505
106,264,268,148,510
93,274,269,154,508
89,280,271,157,512
94,284,267,157,516
103,282,248,155,520
109,287,256,155,521
117,290,258,157,521
121,289,260,160,519
124,289,259,149,518
121,290,260,151,517
114,292,262,156,518
110,293,265,159,516
111,291,268,157,516
112,289,269,154,514
115,290,269,152,511
114,288,272,152,511
106,287,276,150,505
97,287,280,151,503
83,289,284,151,502
75,289,288,151,500
76,289,292,150,500
80,291,297,159,500
87,293,300,151,500
98,293,303,143,501
105,295,306,148,502
115,293,307,147,505
118,292,309,146,507
118,292,312,145,508
109,291,313,150,509
98,294,317,155,508
93,298,319,155,509
90,301,318,156,508
95,302,318,153,510
96,305,319,147,509
99,305,318,149,509
92,305,320,145,509
88,305,320,139,508
80,305,323,134,507
82,309,323,125,512
89,310,323,121,515
102,308,323,115,518
107,306,324,111,521
110,307,322,111,520
110,308,323,113,519
111,308,324,107,521
113,309,322,113,522
115,307,320,110,525
120,308,316,110,525
126,308,317,112,522
132,307,313,117,521
136,307,313,132,523
138,307,311,135,522
128,308,312,137,524
127,310,309,141,523
130,311,311,142,523
132,310,309,141,524
133,310,309,142,524
150,309,309,145,524
154,308,308,144,525
161,307,308,145,526
165,306,309,147,526
155,308,310,152,526
154,309,312,153,528
155,309,310,151,528
157,307,308,147,529
165,307,302,145,529
170,306,298,149,529
175,305,292,156,530
184,301,289,158,530
182,304,286,159,531
184,304,286,160,530
183,306,288,163,530
183,308,288,164,530
183,311,289,164,531
186,312,285,166,532
187,312,284,166,532
188,312,281,166,532
189,313,282,168,532
187,311,285,173,533
179,309,286,176,532
175,310,291,180,531
176,311,290,182,530
179,313,289,183,531
186,313,286,183,532
191,312,285,181,532
197,312,278,181,533
199,310,279,182,534
200,312,280,185,535
193,313,282,188,535
191,312,285,190,535
192,313,285,192,535
191,312,287,192,536
191,313,288,192,536
194,313,288,192,536
196,314,288,190,537
196,315,285,192,537
191,315,287,193,536
185,315,290,193,535
184,315,291,193,535
185,313,294,193,534
189,315,295,194,536
190,317,296,195,534
191,317,294,195,534
188,317,294,195,535
184,317,296,195,534
181,317,296,195,536
184,319,296,194,534
190,320,296,193,534
194,321,297,194,535
196,323,298,194,536
197,325,299,195,537
198,324,299,195,536
199,324,299,195,537
200,324,300,194,537
204,322,299,194,538
205,321,299,193,537
206,323,300,193,538
207,323,300,192,538
210,319,299,190,539
211,319,298,189,540
208,320,299,190,542
209,319,300,190,542
210,318,302,190,542
210,316,302,190,542
211,317,304,192,541
209,318,304,193,541
209,319,305,193,541
208,320,304,193,541
208,321,306,189,542
209,320,307,191,542
210,319,305,191,542
213,319,306,190,542
215,320,305,190,543
216,318,305,193,543
215,318,305,195,543
212,319,305,195,543
212,320,305,196,543
209,321,305,195,542
207,321,306,195,542
207,321,310,197,542
207,322,309,196,542
209,323,310,195,542
209,322,310,196,542
209,323,305,195,542
211,321,303,196,541
212,321,302,196,541
211,318,300,198,541
211,319,298,198,541
211,320,298,199,541
211,320,300,200,542
211,321,301,201,541
212,321,302,202,542
211,322,304,203,542
211,323,304,203,543
212,324,303,202,543
211,323,302,202,543
213,325,302,202,543
213,324,301,203,543
213,324,300,204,542
213,325,300,204,543
214,326,301,204,544
213,326,301,205,544
213,327,301,206,544
214,327,299,206,543
216,327,295,207,543
217,328,296,207,543
216,329,296,213,543
218,329,299,215,543
219,329,302,218,543
219,329,303,219,543
219,330,302,216,544
