F1,F2,F3,F4,F5
582,0,348,740,522
584,0,348,738,521
587,0,349,736,521
591,0,346,733,521
597,0,346,730,521
601,0,343,731,519
603,0,343,730,518
607,0,345,731,515
610,0,340,731,514
610,0,294,731,512
615,0,294,731,511
619,0,294,731,506
620,0,293,731,504
624,0,296,730,502
630,0,300,731,501
635,0,305,730,502
638,0,308,730,502
643,0,312,730,500
647,0,316,731,499
649,0,322,730,496
651,0,322,730,493
652,0,320,730,490
653,0,324,731,487
654,0,323,731,486
656,0,325,730,481
658,0,326,729,479
659,0,329,729,479
659,0,329,729,480
658,0,265,729,481
660,0,275,729,481
660,0,283,730,481
660,0,289,731,481
662,0,290,732,481
662,0,292,733,482
662,0,296,734,480
661,0,304,737,481
658,0,309,738,483
656,0,318,739,487
654,0,326,741,492
653,0,325,742,494
653,0,319,741,497
654,0,315,741,497
653,0,315,740,502
646,0,312,739,508
635,0,311,738,512
612,0,313,737,517
595,0,318,738,521
595,0,320,739,523
602,0,317,740,524
604,0,315,741,519
604,0,319,743,517
605,0,321,744,516
606,0,321,744,517
610,0,323,744,518
611,0,324,745,523
613,0,326,745,523
614,0,325,745,524
618,0,322,745,524
627,0,318,746,527
637,0,314,747,529
644,0,312,747,535
650,0,312,748,538
658,0,314,749,538
665,0,320,751,541
671,0,323,752,542
676,0,325,752,543
681,0,325,751,544
684,0,325,752,545
686,0,333,751,547
688,0,336,751,547
690,0,344,752,550
691,0,348,753,553
691,0,350,755,556
689,0,348,756,558
689,0,346,756,559
689,0,346,756,560
691,0,345,756,560
692,0,343,757,564
693,0,346,757,565
694,0,350,758,566
694,0,350,758,568
695,0,351,758,568
695,0,350,757,569
695,0,350,757,569
696,0,351,758,570
697,0,351,757,569
698,0,338,756,570
699,0,320,753,571
699,0,315,752,575
700,0,319,740,576
701,0,326,741,578
701,0,337,740,579
701,0,341,739,581
702,0,341,739,582
703,0,346,739,582
705,0,348,738,583
708,0,349,738,581
708,0,351,739,583
707,0,353,742,583
705,0,354,744,581
703,10,352,745,578
704,17,347,744,579
704,24,341,743,579
703,39,343,742,580
701,48,348,742,582
700,53,350,743,583
699,59,351,743,583
699,69,354,744,583
697,77,356,744,583
696,82,357,744,583
694,91,358,744,581
692,106,357,743,580
692,115,358,741,579
690,119,360,741,579
688,115,359,742,578
687,99,358,742,577
689,106,359,742,576
690,110,359,743,574
691,122,355,743,573
693,157,359,744,577
695,194,366,744,580
699,253,368,744,582
702,309,372,746,583
705,343,372,748,584
706,312,370,748,588
703,217,368,748,589
700,67,362,748,593
694,0,344,748,589
685,0,344,749,579
680,0,309,755,571
688,0,286,762,575
687,0,276,771,578
687,0,289,776,588
688,0,300,779,598
687,0,306,781,599
687,0,301,782,595
688,0,289,782,597
684,0,282,783,586
673,0,275,783,572
658,0,282,784,568
642,0,291,784,571
649,0,322,784,575
657,0,319,785,584
664,55,318,785,593
662,99,326,786,601
658,153,327,786,607
658,174,334,786,611
659,165,336,786,613
659,140,338,786,614
655,120,340,786,615
652,132,341,786,616
650,172,341,787,617
650,212,347,787,618
650,247,351,787,619
647,257,351,787,621
643,261,350,787,622
640,261,345,787,624
635,263,345,787,623
630,265,346,787,623
628,266,350,787,624
618,287,351,788,624
613,291,353,788,624
613,284,349,789,625
614,284,341,788,625
616,289,329,788,625
616,281,367,789,622
611,286,355,789,623
611,289,352,789,623
608,292,354,790,624
608,295,356,789,625
610,314,359,790,626
619,331,361,789,628
623,341,361,789,630
627,344,356,789,630
628,345,354,789,630
628,338,352,789,631
626,326,353,788,631
623,317,353,788,630
622,327,357,788,629
626,338,360,787,630
633,338,360,785,630
643,341,359,783,631
647,342,359,782,633
646,339,359,780,635
638,347,362,780,634
630,356,365,781,635
621,369,369,781,634
620,371,371,781,635
620,370,373,782,633
625,365,377,783,632
630,349,375,784,630
634,321,377,785,625
638,322,374,787,623
641,329,372,789,623
636,343,374,789,625
637,355,375,788,628
641,360,378,788,629
648,360,381,788,629
654,368,382,789,627
656,381,382,790,624
655,385,386,790,624
652,403,387,791,622
651,409,389,792,617
652,417,389,791,609
654,427,387,792,603
654,428,381,791,598
653,428,383,790,592
654,429,379,790,586
655,432,383,791,583
656,450,391,791,583
656,466,399,791,586
655,475,402,791,589
654,483,401,790,589
650,471,397,789,591
641,460,399,788,592
633,450,396,787,589
621,410,387,786,590
610,350,376,784,586
608,62,364,782,584
606,0,370,781,582
617,0,368,781,576
631,0,373,782,566
648,0,376,782,559
659,0,373,779,558
668,0,367,775,555
676,0,364,769,545
686,79,354,765,524
696,145,340,764,501
701,205,335,763,480
705,184,335,765,474
703,142,347,770,472
698,98,367,774,475
696,61,380,778,478
694,37,387,780,477
692,35,370,780,477
690,51,382,778,474
688,59,381,779,470
688,82,381,780,469
690,78,385,782,469
693,66,384,784,467
696,66,380,785,463
698,70,378,786,460
699,79,379,787,455
700,78,377,788,456
700,75,380,788,461
699,85,383,790,462
699,103,387,790,447
700,144,383,789,428
702,175,378,784,419
703,199,366,782,412
703,229,360,782,413
704,239,354,783,416
703,239,360,782,425
700,222,370,783,430
693,194,376,784,441
689,180,385,787,464
688,197,389,787,472
691,219,388,785,475
694,240,376,784,482
696,253,367,784,486
696,259,368,783,486
695,263,370,784,487
691,281,376,786,486
690,294,383,787,487
690,274,383,788,481
688,255,384,788,475
688,256,385,788,470
689,254,387,788,467
693,271,382,787,463
698,288,371,788,459
701,306,373,789,457
706,319,378,790,448
710,325,381,790,441
711,320,395,790,432
710,301,396,790,429
707,256,389,790,416
706,247,388,790,406
706,246,388,791,405
707,254,388,792,402
708,271,393,792,398
709,297,396,792,397
709,311,392,792,396
710,296,382,791,392
713,274,371,791,381
714,260,371,791,381
714,274,376,792,378
713,289,387,794,383
713,324,392,794,384
713,332,397,795,381
714,337,400,795,374
715,327,398,795,370
716,299,389,794,359
717,279,385,794,353
716,276,383,795,349
714,276,388,796,351
711,277,393,796,348
708,285,396,796,348
706,289,400,797,340
707,300,401,795,328
710,283,397,794,325
710,271,392,793,330
711,271,390,792,334
712,283,393,792,337
711,293,394,792,340
708,302,396,792,344
703,315,400,792,347
698,342,401,792,345
699,354,406,792,348
702,380,409,791,348
705,418,412,791,350
708,443,413,791,355
710,468,417,792,367
712,519,417,794,368
713,549,421,794,374
714,572,418,795,371
714,566,402,796,365
710,500,387,796,361
707,383,366,796,360
702,296,352,796,365
699,99,340,797,374
696,0,334,798,386
691,0,317,799,407
681,0,314,800,430
683,0,318,803,448
686,100,325,805,465
685,237,313,806,470
680,309,320,805,481
674,316,317,805,483
659,286,314,803,484
639,252,308,801,487
628,220,302,800,491
625,173,304,800,497
628,182,299,799,504
632,228,304,798,512
636,256,301,797,521
638,277,300,796,530
641,273,302,796,538
641,268,304,795,542
639,272,306,795,544
624,275,303,794,546
596,276,300,794,547
576,258,286,795,546
573,219,281,796,547
580,217,282,797,550
589,217,282,796,552
598,223,276,797,551
603,198,267,797,551
611,182,257,796,557
618,156,256,796,559
623,153,251,795,563
623,121,241,793,564
623,88,230,789,567
635,76,225,780,567
655,83,233,770,563
663,84,232,765,557
672,85,220,759,566
675,100,211,751,572
665,78,180,745,563
663,57,145,740,557
660,52,140,737,558
652,54,138,736,548
640,72,140,736,547
627,87,144,736,547
623,96,155,736,552
630,113,164,736,558
644,153,173,736,565
666,180,183,736,569
679,214,190,736,571
686,219,196,738,569
688,213,199,737,573
688,195,198,734,574
687,169,194,730,576
686,151,187,720,574
687,125,192,714,572
682,125,205,705,571
683,126,218,701,576
686,122,216,696,577
689,114,219,691,575
687,88,216,687,579
685,28,221,688,576
683,0,219,691,577
681,13,221,694,580
674,54,225,697,584
667,90,223,700,587
667,128,231,703,590
671,143,240,705,593
672,144,247,706,596
671,135,253,707,597
666,123,252,707,599
665,62,241,705,599
668,48,230,703,600
673,53,233,705,603
680,98,241,708,607
689,143,254,711,612
700,183,265,713,616
705,238,273,715,617
712,250,280,716,617
713,261,280,711,618
714,263,286,711,619
712,273,287,712,620
709,285,291,712,621
707,302,298,712,623
706,327,297,711,622
708,383,303,710,623
709,429,321,712,622
708,480,342,712,624
708,546,359,712,625
705,573,357,712,626
702,552,345,711,627
693,483,326,708,626
683,394,301,707,622
678,181,272,706,615
681,0,251,709,608
690,0,249,712,598
699,0,252,714,573
706,0,249,720,544
713,0,248,719,517
716,0,259,718,489
724,139,269,722,454
730,236,303,731,413
734,293,350,742,394
735,309,386,750,386
735,300,409,758,384
729,285,423,763,378
722,273,424,769,374
723,268,427,775,377
726,268,430,780,376
729,267,433,783,379
733,272,435,786,383
737,242,434,786,372
739,237,430,785,367
739,254,433,786,366
737,244,436,787,371
735,226,439,789,376
734,221,442,789,378
733,217,442,789,374
730,215,440,790,376
728,212,447,791,383
727,220,446,791,389
728,231,444,792,392
726,258,446,792,398
726,281,448,792,402
726,300,452,792,403
728,304,448,792,401
730,293,443,792,402
732,274,439,793,400
731,264,444,793,403
731,278,452,794,407
732,284,456,795,412
733,293,456,794,414
729,292,456,795,420
726,299,459,795,419
726,306,460,797,422
727,311,465,798,427
725,323,469,799,434
721,324,468,801,440
719,315,466,802,444
716,295,462,802,448
713,275,458,802,452
713,274,455,802,453
717,293,466,801,448
719,305,470,801,450
718,308,472,802,452
718,315,473,803,447
715,313,470,804,447
709,302,466,804,439
707,283,459,804,435
706,272,450,804,432
706,286,457,804,435
710,309,468,806,438
717,323,470,807,432
721,325,466,809,436
724,320,453,809,437
727,310,450,810,431
727,298,450,810,432
728,298,451,810,434
726,306,458,809,437
725,316,466,809,439
723,317,468,808,436
723,316,465,808,433
723,299,456,809,433
725,287,452,809,430
726,286,455,810,429
726,289,458,810,430
724,296,464,810,431
719,308,467,810,433
716,320,470,808,426
715,326,471,807,416
714,339,472,807,411
714,364,474,807,408
716,387,479,807,411
721,433,483,808,427
722,483,491,810,444
722,533,496,812,454
721,547,491,812,457
721,530,478,812,455
723,434,462,810,453
725,307,438,807,448
725,53,428,805,443
726,0,418,804,458
727,0,404,804,468
726,0,370,805,488
725,0,378,805,508
723,0,384,809,534
723,0,382,809,553
721,37,368,810,558
719,131,377,810,564
713,223,385,810,564
711,294,396,809,563
712,324,380,810,566
713,318,365,811,569
712,292,357,811,569
707,263,348,810,567
703,238,345,808,564
699,216,333,806,558
692,208,339,805,559
689,209,344,804,558
686,201,346,805,558
680,207,337,805,554
672,216,339,804,551
664,218,334,804,548
649,204,331,803,550
642,205,332,802,547
629,196,324,801,546
613,177,312,797,545
592,162,308,792,535
573,158,305,787,526
559,151,287,783,519
566,160,281,781,518
578,170,276,779,520
588,183,295,778,514
596,187,276,774,517
604,196,275,772,521
614,184,277,769,523
619,176,279,768,527
619,174,285,768,528
612,175,285,767,528
613,179,282,765,525
614,189,271,762,524
622,200,270,760,521
635,215,272,756,530
645,201,269,753,536
653,200,271,751,542
655,214,275,747,548
655,226,277,746,551
654,234,282,745,550
646,240,283,744,552
641,213,276,745,554
636,183,262,743,553
633,172,254,742,551
641,179,255,740,550
657,213,260,740,555
671,245,282,741,560
680,262,301,741,564
681,260,307,739,565
679,255,306,735,565
673,243,308,729,570
668,230,301,725,569
666,233,303,724,569
668,241,307,721,569
672,255,312,722,569
678,265,316,723,570
684,269,323,724,569
686,260,319,725,567
686,249,321,723,567
683,244,327,724,567
682,251,326,725,567
683,253,323,725,565
685,254,314,724,565
687,257,308,724,568
689,258,310,722,570
689,262,310,718,572
688,262,307,717,573
685,263,305,716,572
683,274,301,715,573
680,288,303,717,575
679,287,301,717,575
677,309,298,717,576
679,319,291,716,577
680,309,290,714,579
679,313,284,712,578
674,321,293,707,577
672,331,301,710,580
672,339,317,712,580
674,394,327,714,583
677,447,351,716,586
680,531,362,718,587
683,597,367,723,587
686,615,358,725,590
685,607,349,724,593
673,563,339,722,595
663,427,312,718,590
655,319,304,717,583
649,184,283,721,568
650,70,284,724,554
658,0,265,730,539
670,18,268,732,512
683,125,263,738,472
694,222,265,740,448
701,284,297,745,399
706,334,329,749,379
713,330,360,754,378
715,300,384,759,391
711,260,410,764,397
707,224,425,768,403
706,164,427,769,405
703,165,437,771,405
705,184,445,775,404
709,235,450,778,405
716,257,455,780,408
720,266,460,781,408
721,271,472,782,415
722,256,473,783,418
721,226,476,784,426
721,219,481,786,439
721,222,483,788,437
723,223,484,789,441
724,222,485,790,445
724,227,485,790,448
726,229,483,791,447
727,224,474,794,439
727,224,474,795,441
726,231,475,795,445
728,225,473,796,447
728,228,474,796,451
722,234,480,797,453
715,237,483,800,454
708,233,488,803,452
708,230,493,807,439
709,241,492,808,433
707,266,494,810,431
706,281,496,811,436
708,288,496,812,447
710,293,495,812,446
711,286,490,813,446
711,268,488,814,446
708,236,479,815,437
706,230,477,815,436
706,245,478,816,439
708,270,481,817,437
710,305,490,817,435
711,321,489,817,432
712,328,489,817,431
712,317,484,818,434
708,294,485,818,440
704,282,488,818,446
703,279,489,818,449
701,286,490,818,450
699,288,482,818,448
696,302,474,819,449
696,319,456,820,447
693,321,461,820,449
690,324,466,821,455
684,322,469,821,447
679,299,462,820,440
674,281,455,820,432
670,252,441,821,428
669,228,433,821,431
661,225,426,822,438
658,231,427,822,442
659,256,427,824,439
662,277,431,823,437
664,287,433,823,435
666,288,431,824,437
667,278,425,824,437
668,265,415,823,438
662,252,421,824,435
653,230,422,823,427
646,225,425,823,424
647,249,421,824,420
649,268,424,824,428
657,312,425,825,436
662,350,430,824,456
661,428,433,824,477
661,474,440,823,484
661,515,441,823,479
662,548,441,824,473
663,530,437,824,470
663,455,432,823,471
662,360,416,823,462
663,152,388,822,471
668,0,369,822,486
679,0,353,822,503
689,0,352,822,516
697,0,350,821,525
707,0,354,820,543
713,7,351,815,554
716,135,355,809,563
717,247,329,805,558
716,306,298,800,543
709,334,259,797,537
695,369,210,794,519
674,380,152,792,512
653,361,134,790,506
645,347,132,787,504
641,333,140,787,496
638,318,155,786,489
640,312,171,786,499
644,287,172,787,502
648,275,176,787,508
650,283,192,786,510
651,289,220,785,512
650,282,235,785,511
648,275,248,784,511
645,258,258,781,509
642,248,261,779,510
639,231,269,775,516
634,200,269,772,521
635,182,266,764,524
634,180,265,753,527
633,195,259,746,527
627,211,252,743,527
627,218,240,743,522
632,202,198,743,523
640,178,192,739,524
647,159,187,737,527
654,149,196,735,524
661,166,211,736,525
664,180,239,738,523
664,181,246,740,524
667,184,253,742,526
670,186,270,743,529
675,195,283,745,533
681,206,290,746,540
687,214,291,743,546
690,218,295,742,556
691,221,304,742,565
692,228,307,741,574
693,233,310,741,579
692,241,315,742,582
693,246,315,741,585
693,253,319,741,586
692,241,319,739,587
689,233,312,738,588
689,231,312,737,589
692,246,316,735,591
694,261,319,735,594
697,269,322,735,597
699,286,320,734,599
700,293,323,736,601
698,293,327,740,600
695,294,326,742,600
694,299,326,744,600
691,298,321,744,601
690,286,315,743,603
689,269,305,742,604
690,264,295,742,607
691,273,301,741,607
693,281,312,741,610
695,290,314,742,612
694,300,317,743,611
695,319,319,742,612
696,324,318,741,614
696,337,322,742,617
696,361,327,743,620
698,387,327,742,621
699,402,327,740,623
700,402,327,736,622
700,383,320,734,621
699,378,322,733,618
699,386,326,735,617
696,424,335,737,619
695,451,345,740,620
692,499,353,742,622
692,559,358,743,621
691,577,354,743,623
692,538,345,741,624
690,461,333,736,622
682,376,318,729,620
670,235,310,726,615
660,131,307,726,613
659,45,309,729,606
664,66,318,734,600
673,145,333,739,591
683,200,342,745,559
691,245,352,752,536
700,282,361,758,514
712,292,368,768,471
719,315,392,777,454
724,319,421,785,446
728,315,448,791,457
727,318,466,796,464
726,313,469,799,465
716,298,471,800,456
709,293,479,802,443
706,302,484,803,429
705,311,489,804,425
708,322,491,807,426
712,341,492,811,439
713,351,498,814,444
712,356,496,817,448
711,356,492,819,451
708,355,495,821,451
707,346,497,822,446
709,344,498,822,446
711,340,497,824,445
717,333,508,825,442
720,333,505,825,439
722,344,505,825,438
722,351,506,825,440
720,347,508,826,436
717,337,510,826,438
716,336,512,827,438
713,336,513,828,436
709,328,508,828,431
708,328,502,828,427
709,337,500,828,430
708,351,500,829,434
706,355,500,830,436
703,355,502,829,441
700,347,503,830,442
696,342,502,830,446
692,340,501,830,448
693,344,501,830,449
690,352,501,831,452
688,362,500,831,457
688,370,501,831,464
689,385,503,831,469
691,389,504,832,467
688,391,506,832,465
689,394,507,832,468
689,393,505,832,466
687,389,500,833,471
683,375,496,833,475
682,378,498,833,477
681,389,501,833,477
683,396,504,832,478
685,401,504,833,478
684,400,502,834,480
684,382,498,834,479
682,359,495,835,482
680,353,487,835,484
677,359,477,835,482
674,370,469,836,485
672,382,477,836,490
672,396,479,836,492
677,408,481,835,494
679,414,482,835,500
680,416,482,835,491
680,412,480,835,485
679,406,480,835,485
678,407,479,835,491
677,412,482,835,498
672,418,485,835,504
669,424,489,835,506
668,428,491,835,504
670,426,493,835,503
672,427,493,835,501
674,429,493,834,500
677,437,496,834,508
681,454,499,834,520
683,490,504,834,536
684,542,504,835,539
684,582,510,835,542
685,591,506,835,542
683,575,500,834,544
676,516,480,832,541
677,427,459,830,539
682,331,441,828,538
685,218,424,828,538
691,104,421,827,542
701,89,422,827,547
708,109,426,826,555
714,135,427,826,559
720,184,429,825,563
722,244,422,822,559
723,251,406,818,542
722,239,378,811,504
716,211,333,805,464
699,175,266,798,420
680,134,237,794,393
672,160,221,788,385
670,183,221,788,381
672,197,237,791,381
677,213,253,792,377
680,218,264,792,384
679,221,273,791,400
679,222,280,788,410
682,220,288,786,419
688,226,293,783,421
694,235,303,785,422
699,233,312,788,428
703,219,315,791,429
704,192,324,792,430
703,186,327,791,431
699,190,329,791,433
690,193,330,789,439
687,196,331,781,443
696,216,330,773,453
707,234,332,767,478
717,246,340,765,511
722,251,347,761,524
725,227,359,762,526
728,206,364,764,531
730,173,363,765,534
732,177,368,763,528
731,183,372,760,527
733,201,378,758,528
738,216,381,759,534
741,269,388,758,546
744,280,403,758,546
745,288,411,757,550
746,275,408,756,555
745,263,398,752,555
743,262,399,749,555
742,277,404,751,558
740,288,411,755,557
739,294,409,757,556
740,302,404,758,558
741,295,393,758,561
741,293,390,757,561
740,300,392,756,559
738,308,406,756,558
735,318,418,756,555
734,324,423,757,555
734,329,423,756,551
734,339,423,755,552
732,356,424,756,555
729,383,428,756,561
724,455,431,757,563
723,543,436,761,551
719,588,438,764,538
709,594,429,765,530
688,543,413,764,529
677,409,384,759,525
666,315,357,756,515
664,106,332,759,511
663,0,334,764,504
663,0,336,770,502
675,0,345,775,498
686,99,353,780,496
701,192,358,784,480
708,295,373,789,470
713,352,404,795,452
714,375,424,803,439
716,353,447,807,429
712,322,454,809,433
700,275,462,811,435
690,218,464,813,436
685,172,468,814,431
683,164,470,815,429
684,171,473,816,428
686,175,474,817,428
688,172,470,818,424
689,179,467,818,418
689,196,467,820,412
688,214,469,821,418
687,229,472,822,422
684,241,477,822,431
682,245,480,823,436
683,229,478,823,437
684,226,476,823,432
689,233,466,823,432
697,235,462,823,429
701,242,464,823,429
705,254,469,824,433
703,274,474,825,429
702,281,476,825,418
699,276,480,826,395
695,272,489,827,387
687,284,494,827,378
684,306,497,827,373
686,316,499,827,374
688,329,499,827,379
689,331,502,826,386
692,323,499,826,391
692,299,496,826,393
690,280,493,826,397
690,264,487,826,401
694,264,484,825,408
699,274,483,824,415
702,272,466,823,423
711,263,447,822,426
717,254,449,820,422
721,246,451,818,424
722,232,447,817,435
724,221,443,816,446
726,209,447,814,452
727,211,454,814,465
725,212,461,814,471
721,213,467,813,474
718,204,467,813,472
718,160,453,810,469
721,121,435,809,467
723,111,430,808,468
724,117,436,807,472
724,144,444,807,474
721,177,453,808,478
715,196,458,809,479
714,202,462,809,473
714,203,457,808,465
717,171,449,807,463
723,196,450,808,468
728,213,456,808,478
728,247,464,808,486
727,283,477,808,491
727,305,485,809,498
728,344,488,809,501
727,361,490,809,501
728,383,492,809,502
729,404,491,810,505
728,433,497,810,506
728,466,501,809,504
729,493,503,809,499
730,516,505,808,499
730,542,505,808,494
728,551,505,807,487
725,538,502,807,482
722,455,496,806,473
719,336,485,804,466
719,98,464,799,457
721,0,441,797,449
727,0,417,796,451
732,0,408,794,446
737,0,403,790,441
740,0,409,788,451
742,0,400,787,452
745,44,400,785,445
749,202,413,784,437
753,285,409,783,420
754,318,403,786,393
753,312,398,788,371
752,320,402,791,338
750,317,397,793,328
742,300,384,793,329
733,270,352,794,329
727,266,349,796,340
725,260,341,796,347
722,281,334,797,355
719,293,328,797,362
718,304,337,796,375
717,317,343,794,383
715,316,347,792,393
715,310,356,790,395
716,306,366,790,401
715,293,370,790,410
711,291,373,791,420
712,309,378,792,426
713,323,386,792,432
713,329,396,793,438
705,333,398,793,438
690,331,396,792,435
680,320,396,794,425
686,322,401,798,429
692,333,413,800,438
697,350,422,804,454
698,358,426,806,461
695,363,429,808,462
688,374,437,810,464
685,354,435,811,452
683,340,435,812,438
685,333,445,815,413
684,324,439,817,399
684,331,437,819,398
680,333,436,821,395
672,332,436,821,394
667,334,439,821,401
660,311,433,820,410
662,287,425,820,409
657,259,420,820,412
645,240,413,821,411
631,231,412,820,406
623,245,410,821,400
616,258,415,822,393
609,277,416,822,393
613,291,413,824,395
613,296,409,824,395
615,297,403,824,395
617,292,401,825,390
616,281,401,825,390
619,273,401,826,384
623,270,424,826,384
624,283,423,827,385
629,295,426,827,385
636,310,427,827,371
641,319,428,828,371
643,324,428,828,366
648,323,428,827,368
649,324,428,826,372
646,328,431,826,374
644,331,433,826,373
638,319,434,827,371
635,294,427,826,365
630,268,413,827,353
625,248,402,827,348
618,238,406,827,349
611,238,411,827,345
610,241,412,827,341
612,236,410,827,337
609,218,404,827,327
605,190,393,827,323
606,172,385,827,322
616,167,374,826,334
623,177,376,824,346
622,191,386,824,357
622,235,395,824,367
620,270,406,824,368
615,321,415,824,370
612,384,427,825,380
607,424,431,825,389
603,475,434,825,391
597,514,441,825,399
593,535,440,825,400
588,531,440,823,404
571,463,430,822,411
572,397,422,820,411
576,219,408,818,404
584,0,401,817,394
584,0,401,816,384
588,0,397,817,379
592,0,403,819,380
597,0,414,821,382
602,0,425,823,382
609,0,434,823,377
620,114,444,824,355
629,225,459,827,331
633,304,472,830,302
636,321,477,832,297
642,329,487,835,300
648,301,492,836,302
651,287,494,837,307
649,278,491,837,320
642,269,486,836,337
632,274,482,836,339
618,265,482,836,344
610,267,480,836,348
604,264,480,836,355
605,263,480,835,357
606,269,482,836,360
607,279,482,836,359
601,286,479,837,362
596,287,477,837,368
591,276,475,837,375
592,277,466,837,378
591,262,460,837,379
597,258,458,836,381
600,259,460,835,381
603,270,461,836,381
607,291,463,836,382
611,302,464,836,384
614,323,463,837,381
619,328,461,837,387
623,325,463,836,386
627,307,462,836,387
630,301,461,834,386
633,295,445,832,377
639,279,428,829,370
648,253,398,824,369
655,239,384,821,383
661,211,373,819,396
669,201,372,817,403
672,197,378,814,408
674,184,388,812,418
673,154,393,811,420
674,124,400,811,419
674,105,400,810,409
678,95,403,810,394
685,128,410,810,395
693,158,421,811,398
701,182,430,812,407
706,197,436,812,427
709,194,438,808,442
706,183,441,808,453
704,179,447,808,452
703,187,453,808,449
702,207,455,805,445
703,208,460,805,441
709,245,460,805,448
713,259,463,803,453
716,270,465,802,462
716,271,466,802,467
714,265,467,800,473
712,257,467,800,476
708,259,469,800,474
704,267,471,801,474
702,274,472,802,472
705,276,470,802,471
708,271,464,802,474
711,263,453,802,478
712,259,453,802,479
712,260,458,802,486
709,273,464,801,487
705,275,468,800,486
703,283,469,798,484
703,287,469,797,479
704,289,469,796,471
703,292,470,796,472
700,293,472,796,472
699,294,473,796,471
696,297,477,796,473
693,298,479,795,473
697,295,476,794,472
698,292,477,793,469
697,298,480,795,465
694,318,488,797,461
692,359,489,798,464
698,407,490,799,471
701,456,499,801,475
703,491,502,802,479
705,518,504,803,480
705,522,505,803,483
707,491,506,802,481
709,451,505,801,472
708,386,498,800,465
699,264,493,800,459
686,132,486,799,451
685,33,476,799,451
687,6,465,798,448
691,59,453,798,448
697,106,443,797,442
704,151,434,795,432
709,213,435,792,412
714,237,428,788,396
719,258,422,785,382
718,252,373,780,373
724,233,371,776,361
724,190,347,775,358
722,156,346,774,340
724,156,358,775,329
722,146,364,778,322
720,140,372,780,306
719,141,379,782,307
717,138,379,783,320
713,144,377,785,323
709,146,368,783,324
705,160,361,783,326
707,176,365,783,326
709,175,369,783,307
713,173,377,783,290
714,159,379,783,278
716,143,378,782,264
716,136,381,780,252
716,113,378,780,252
717,106,380,780,251
718,112,382,782,262
718,127,389,783,265
718,137,393,783,267
720,157,395,783,264
722,185,391,783,259
722,217,391,783,265
722,224,399,784,271
721,229,402,785,276
716,225,414,787,282
710,209,421,791,278
709,184,422,793,282
707,175,424,793,288
703,166,426,793,293
697,166,427,794,291
689,180,429,795,297
684,197,431,797,305
683,222,430,799,318
684,228,432,802,319
689,230,435,803,321
693,227,438,804,323
691,216,439,804,320
681,204,441,803,319
675,200,443,802,318
670,199,442,803,324
668,182,438,803,322
670,179,435,803,321
673,168,429,802,321
673,167,427,802,326
666,157,424,802,329
654,145,418,802,325
644,109,413,801,317
633,93,401,800,308
623,51,380,798,294
612,46,358,796,298
607,73,353,795,301
613,93,356,794,302
619,130,370,795,300
624,204,395,796,299
626,272,410,798,305
629,342,425,800,315
632,407,437,801,324
639,452,442,803,328
639,488,444,804,324
635,499,443,804,329
628,425,438,801,329
627,331,433,799,327
630,108,425,797,317
636,0,426,795,316
640,0,413,797,307
643,0,412,799,312
646,0,407,802,327
650,0,409,805,334
646,0,412,807,338
644,0,417,809,348
645,62,428,812,352
649,149,439,816,357
665,239,440,820,352
677,302,443,824,351
684,318,444,827,353
689,315,443,830,362
681,303,440,832,379
669,295,438,833,377
647,298,440,833,389
635,292,454,832,390
628,296,460,832,392
625,310,459,831,406
626,315,450,831,411
626,323,460,831,413
623,331,458,832,416
622,332,456,832,415
621,317,456,832,415
619,313,458,832,402
620,318,457,832,395
621,320,461,832,391
620,321,463,833,393
620,320,466,833,400
619,313,465,832,406
618,296,463,831,406
616,268,457,831,407
618,243,445,830,411
622,231,428,830,417
633,228,419,829,423
651,230,413,828,430
666,231,407,824,426
681,216,399,821,429
688,193,395,816,420
690,172,406,813,421
693,167,414,812,426
691,171,419,809,433
689,177,419,806,433
687,185,418,804,435
689,213,420,803,436
692,237,422,803,442
692,250,428,803,444
691,256,432,803,458
692,266,438,804,461
691,274,443,804,462
691,267,441,804,463
692,264,435,804,465
696,256,431,804,469
699,254,430,804,471
702,258,431,803,468
703,264,428,801,465
702,266,423,800,466
699,260,417,799,465
693,251,396,798,464
689,236,393,796,460
685,224,394,797,456
681,220,396,797,449
679,236,402,796,448
674,247,405,797,449
675,275,414,798,450
677,301,421,799,454
680,324,426,799,457
680,350,430,800,460
678,395,436,801,466
676,437,449,803,470
674,519,459,805,465
669,539,462,806,463
668,532,451,806,458
669,452,439,803,456
670,346,423,800,455
673,178,410,798,443
677,0,389,797,428
684,0,364,797,427
693,0,352,797,412
698,0,350,793,381
696,0,341,791,355
694,0,338,781,326
691,0,358,772,284
697,23,373,767,256
698,67,327,767,249
689,97,366,766,251
682,113,359,767,258
673,92,351,771,270
660,67,353,773,285
655,49,352,775,298
651,38,361,777,302
649,14,370,774,298
651,0,374,771,285
652,0,365,770,291
649,0,352,768,292
647,0,353,768,296
644,0,361,770,303
647,23,369,775,313
656,36,382,776,320
664,37,386,775,319
668,30,384,774,320
667,21,380,773,322
660,22,382,771,323
651,25,384,775,328
649,48,393,778,329
648,72,390,778,320
652,77,388,777,316
662,75,382,777,323
670,76,377,778,331
676,78,380,779,336
680,79,381,776,352
674,79,388,772,356
664,82,391,772,357
654,92,396,771,354
656,105,397,771,337
661,105,398,771,326
670,125,396,771,327
676,147,393,772,337
681,166,395,771,350
678,168,391,771,365
672,167,390,771,371
671,159,386,770,360
672,153,386,767,353
678,153,382,765,342
684,146,379,764,347
692,158,380,763,354
695,163,384,764,361
699,162,382,765,358
700,155,383,765,362
702,153,380,765,359
702,156,384,762,358
702,149,386,764,357
702,155,391,765,359
702,162,396,766,355
702,169,396,767,358
703,173,396,767,359
704,170,394,765,359
702,168,389,766,358
701,173,393,766,358
702,176,395,766,355
703,182,397,768,353
702,189,398,769,353
700,194,396,769,352
700,199,394,770,352
700,187,383,771,350
701,185,380,771,348
701,183,381,771,348
700,168,384,772,351
699,166,385,773,351
697,166,386,773,348
696,166,386,772,348
695,168,388,772,344
696,169,387,772,336
701,158,381,771,336
702,144,358,773,334
701,148,359,775,334
697,151,363,776,329
697,156,367,777,313
699,157,368,778,300
701,157,368,779,295
700,157,370,780,291
699,155,372,780,292
697,162,382,781,289
695,182,386,782,295
693,193,393,782,297
692,213,395,782,304
696,229,397,782,307
698,224,399,782,307
700,213,398,781,297
700,195,399,782,297
700,192,393,783,298
697,190,391,784,307
695,190,391,785,306
694,191,383,787,308
686,201,387,787,309
687,241,397,788,306
690,275,407,788,303
694,345,413,790,305
700,397,417,793,307
700,486,421,796,318
700,516,423,797,322
698,511,425,797,331
693,426,424,794,333
677,292,411,791,329
664,8,404,788,313
655,0,382,787,303
653,0,366,788,295
659,0,370,788,297
666,0,352,789,299
671,0,363,789,306
672,0,372,790,310
674,0,375,790,309
675,0,380,789,302
675,64,382,789,286
674,97,400,789,275
671,139,427,789,271
668,188,429,789,270
666,221,426,789,268
661,231,425,790,272
655,232,425,790,274
651,225,417,789,273
646,197,408,788,275
645,181,405,786,277
644,169,401,784,275
644,143,395,784,271
644,138,389,784,271
646,139,383,784,273
647,144,384,783,273
646,144,384,782,275
645,145,384,782,276
646,151,388,782,277
646,152,390,782,277
647,155,394,783,278
648,156,396,784,280
648,159,400,784,288
648,164,401,785,289
642,163,400,784,292
637,163,401,784,290
636,164,400,784,288
637,163,400,784,282
638,169,402,784,278
640,172,403,785,275
642,170,405,785,277
643,172,406,785,281
641,172,404,785,282
637,171,404,784,276
631,173,404,783,275
626,171,405,783,272
624,168,403,782,271
623,169,406,781,260
621,169,403,780,258
623,168,402,779,258
622,160,401,779,261
621,156,391,777,261
620,152,378,776,261
617,145,368,775,261
614,143,359,774,258
612,136,359,772,251
614,140,358,770,250
617,138,363,770,250
618,138,370,770,250
620,127,369,770,250
619,99,366,770,250
618,90,366,770,247
618,85,367,770,247
618,68,364,770,246
618,71,367,770,246
618,75,372,770,245
616,76,380,770,246
615,75,384,770,248
612,90,387,770,248
612,87,388,769,251
614,80,387,769,251
615,79,388,768,255
617,77,384,768,254
620,69,373,768,256
624,72,360,768,254
626,72,355,769,257
626,73,356,769,259
628,74,352,770,262
629,73,350,772,271
628,73,348,772,273
627,75,354,773,274
628,76,355,773,270
627,78,356,773,267
623,77,360,773,265
620,78,364,773,268
620,78,362,772,265
622,72,359,772,265
624,73,358,772,266
623,71,357,772,266
624,71,356,773,263
624,73,355,773,266
622,74,357,774,267
620,75,357,774,255
617,79,359,773,253
617,80,360,772,251
617,76,362,771,255
620,76,361,771,256
621,71,363,771,261
621,71,359,771,263
621,64,358,771,262
620,54,357,771,258
617,53,358,770,254
612,59,362,769,251
611,61,364,768,252
610,62,365,768,249
612,60,365,767,249
614,60,366,767,249
616,56,366,767,252
