F1,F2,F3,F4,F5
543,74,457,755,628
546,125,458,756,631
551,226,459,756,632
554,274,459,757,633
557,325,460,757,634
557,341,459,758,636
558,360,459,758,637
557,378,460,758,637
557,385,459,758,637
558,382,456,758,639
559,369,453,757,638
557,338,452,757,638
558,269,450,756,639
556,193,448,756,639
554,98,444,756,638
552,67,442,756,637
552,63,443,757,638
553,71,442,757,642
557,96,443,758,640
561,122,443,758,639
566,129,442,759,639
567,149,442,759,638
571,152,440,759,638
577,132,437,758,638
579,93,433,758,639
580,43,430,758,639
578,0,427,758,640
579,0,424,758,640
579,0,422,758,638
581,0,422,757,639
587,0,416,757,640
594,0,411,755,640
602,0,406,754,639
612,0,403,754,635
620,0,405,752,632
626,0,402,751,629
635,0,404,752,627
643,0,405,752,621
650,0,404,754,618
657,0,404,756,618
666,0,405,758,617
669,0,406,761,615
673,0,407,762,619
674,0,408,763,620
676,0,403,765,622
679,0,401,767,626
681,0,399,770,630
684,0,400,772,632
689,0,402,774,637
696,0,403,777,644
701,0,404,778,648
703,0,409,780,652
706,0,417,780,654
706,0,418,781,654
708,0,418,781,655
709,0,419,781,654
711,0,422,782,653
714,0,423,781,653
716,0,420,781,653
716,0,415,780,653
717,0,413,780,652
720,0,417,781,652
722,0,424,782,651
724,9,424,783,649
726,35,423,784,648
726,27,421,784,647
726,24,421,785,647
726,15,423,785,649
726,23,424,785,650
725,43,420,785,650
726,78,421,786,649
725,126,424,787,651
725,150,422,787,650
724,155,424,787,650
722,144,422,787,651
720,124,422,787,652
718,120,423,786,652
717,122,427,787,652
717,127,425,788,653
718,144,423,788,654
716,155,423,788,654
716,158,426,787,655
715,177,427,788,657
715,186,430,788,658
716,184,429,788,659
715,173,432,788,660
715,144,428,789,661
714,132,431,788,661
715,134,433,788,662
717,146,434,788,663
716,175,437,788,663
714,196,440,789,663
712,222,441,789,662
711,238,442,789,662
710,244,442,788,659
711,245,438,788,660
712,247,440,788,661
713,256,441,787,661
714,297,441,787,662
714,322,441,787,662
715,339,444,787,662
714,352,447,787,664
713,365,447,786,664
712,369,444,785,664
710,366,442,784,663
706,315,438,783,664
701,258,433,783,663
686,118,436,783,663
675,0,433,783,661
666,0,431,783,661
659,0,425,784,660
654,0,422,784,662
647,0,423,785,665
639,0,427,787,669
640,0,431,789,672
652,92,439,793,675
661,160,438,794,678
667,189,444,797,678
668,208,440,797,680
667,215,442,798,679
662,226,441,800,681
658,237,444,801,686
653,256,446,802,690
655,255,447,804,690
657,228,449,805,692
658,215,451,806,695
662,203,451,807,697
664,175,453,807,698
660,155,454,808,698
656,146,455,808,697
652,133,456,808,697
650,100,454,808,698
649,86,453,809,699
645,90,454,808,699
641,100,455,808,701
635,114,453,807,702
627,124,453,807,702
621,133,454,808,702
617,129,455,808,702
616,120,451,808,702
614,123,450,808,702
617,132,450,809,702
620,147,449,809,703
619,158,447,810,705
621,155,443,810,706
622,146,436,809,707
624,125,429,809,709
623,112,429,809,708
614,115,431,809,709
603,111,432,809,710
597,110,433,809,709
592,114,436,808,708
590,119,433,807,707
591,120,428,807,708
589,94,425,806,708
582,67,419,806,708
571,29,420,805,707
558,1,420,804,707
550,0,421,805,706
551,0,421,805,707
556,0,418,806,708
561,20,413,806,708
564,38,409,806,708
564,53,411,806,709
563,62,414,806,709
562,68,418,807,709
561,71,418,807,709
557,68,419,807,708
550,32,418,808,708
539,3,416,808,707
535,0,415,807,708
535,0,415,807,708
531,0,416,807,709
532,0,416,807,710
536,20,415,808,711
539,57,416,808,711
538,67,416,809,711
537,85,418,809,711
534,101,419,808,710
534,128,421,808,709
536,169,423,809,707
547,236,427,808,708
563,308,428,808,708
581,365,430,809,707
592,415,432,809,709
594,432,431,809,711
589,391,425,808,716
576,303,421,808,718
563,200,405,808,718
560,10,394,807,717
562,0,390,806,716
571,0,387,804,709
584,0,386,800,700
599,0,379,796,695
615,0,372,795,689
630,0,364,795,689
644,41,363,796,688
647,120,358,797,687
642,168,361,797,686
642,170,365,797,683
645,149,374,797,680
648,127,379,796,677
645,121,378,796,676
639,121,379,798,673
633,137,382,798,673
630,143,381,799,673
632,154,379,800,674
635,147,369,798,669
637,144,370,798,660
640,161,368,798,656
637,189,370,800,656
637,225,376,800,657
638,226,380,801,657
638,216,389,801,657
635,216,391,803,657
634,212,400,804,657
632,208,399,802,653
621,206,387,803,644
617,218,392,803,640
619,229,397,805,642
623,229,403,805,646
630,218,407,806,648
636,214,410,806,647
637,208,411,806,647
635,203,415,807,646
630,191,414,809,646
625,186,419,810,646
618,169,419,811,647
613,166,421,812,647
614,170,420,812,649
617,185,420,813,649
618,190,420,813,650
616,191,421,813,652
613,185,423,814,652
610,162,425,814,653
601,148,426,815,654
601,144,429,816,655
601,147,431,816,657
602,167,432,816,659
602,190,432,816,660
602,196,433,817,661
602,191,435,817,663
599,172,433,817,664
596,146,428,818,663
591,116,419,817,663
589,97,413,818,665
589,106,412,818,665
595,137,413,818,666
600,156,418,818,666
605,189,420,818,668
606,208,422,818,669
602,228,422,818,669
594,244,423,817,671
590,260,429,817,672
589,272,432,816,674
587,278,434,816,675
586,275,436,817,674
584,245,435,817,674
582,231,434,817,673
583,236,433,817,673
585,243,432,816,674
585,253,430,816,675
584,260,429,816,677
582,260,424,816,678
581,234,419,816,676
582,188,416,816,676
585,173,419,815,676
598,191,424,815,677
610,241,431,815,680
628,317,438,816,682
638,387,441,818,683
643,442,444,819,683
643,446,436,819,685
639,411,427,819,688
627,314,413,818,687
619,164,411,818,686
608,0,405,818,686
602,0,391,818,688
601,0,391,818,689
596,0,389,818,692
597,0,386,819,695
599,0,385,820,696
604,0,385,821,696
605,0,378,821,697
605,138,367,820,699
600,192,354,819,697
593,183,338,813,690
574,150,314,806,685
555,119,281,801,678
551,80,269,800,673
554,36,260,800,673
553,23,258,800,677
547,22,258,800,680
550,3,264,800,685
550,8,268,800,688
551,26,275,800,690
549,44,288,801,691
547,66,296,801,691
548,92,307,801,690
544,91,310,801,691
539,78,316,800,691
516,80,325,801,692
497,78,331,802,693
493,91,335,802,694
498,108,342,802,692
510,125,338,802,690
530,116,330,801,688
540,106,328,801,688
542,72,323,802,690
525,57,305,802,693
503,36,296,802,693
479,5,291,800,695
456,8,291,798,698
458,35,289,795,700
450,51,280,794,703
449,57,281,793,705
452,51,284,793,705
458,29,285,793,705
462,32,288,792,704
462,51,289,792,703
457,66,292,792,704
458,68,294,792,705
463,77,292,791,707
472,82,293,791,709
480,87,296,792,710
487,112,304,792,710
494,131,316,793,710
497,170,327,793,711
503,206,334,793,711
508,265,344,794,712
511,343,352,793,715
515,392,362,793,714
520,433,368,793,715
518,458,368,793,715
516,449,368,793,717
512,400,361,793,718
488,318,348,793,717
476,183,331,791,716
483,0,323,789,711
492,0,326,789,704
500,0,328,788,694
509,0,334,786,681
526,0,331,784,664
545,0,337,778,649
561,0,337,775,629
573,0,337,776,609
584,59,348,780,605
588,162,367,785,604
587,202,375,789,600
588,204,382,792,592
589,187,395,794,589
588,154,402,796,590
587,120,404,797,594
594,127,407,798,599
607,190,407,800,611
619,234,408,802,621
626,254,401,803,628
627,248,396,805,632
624,202,396,806,633
620,147,390,807,636
619,111,384,807,638
619,113,379,806,639
621,136,380,806,640
623,166,381,806,641
628,190,382,805,632
630,203,376,805,625
632,182,371,803,619
632,147,363,801,615
632,129,357,800,613
628,126,355,799,615
626,126,355,798,620
622,128,353,799,627
621,156,361,801,635
624,189,366,800,643
629,198,367,800,644
633,206,365,799,645
635,210,363,800,644
637,231,365,800,643
636,244,370,800,647
632,261,376,801,650
625,280,383,801,649
625,289,388,799,648
627,277,388,798,645
632,243,383,796,640
636,209,378,793,638
641,178,370,791,635
642,154,369,789,637
641,148,374,788,636
638,175,383,786,635
637,218,388,786,640
637,263,392,785,647
639,324,399,785,652
641,362,402,785,655
641,409,407,786,657
641,452,407,787,658
635,459,403,787,657
632,434,396,787,655
627,351,383,786,655
621,232,376,786,652
609,100,372,786,653
605,0,364,788,656
605,0,354,789,662
608,0,341,792,668
611,0,341,795,676
614,0,331,796,684
622,0,321,798,692
633,103,300,798,700
637,220,290,799,704
635,286,285,798,708
629,290,281,795,709
619,234,256,788,709
605,172,237,778,709
599,106,207,773,708
594,87,196,772,708
595,72,195,773,709
593,63,199,774,709
588,18,212,774,710
585,0,214,775,710
577,0,221,776,710
570,0,229,777,710
578,14,237,777,709
586,70,240,778,710
590,117,254,779,708
595,159,256,779,708
600,165,258,780,709
604,158,257,779,711
605,130,259,778,712
604,115,257,777,713
600,99,251,775,715
597,79,248,774,716
593,72,243,772,717
585,86,242,769,718
588,118,244,770,719
592,160,243,768,721
600,172,240,767,723
608,180,241,765,725
613,187,245,762,725
613,177,229,758,727
605,161,230,754,729
601,146,228,752,728
591,154,223,750,729
587,176,238,750,731
588,192,241,751,732
587,204,240,751,732
583,207,241,751,732
578,190,241,749,734
574,177,239,748,735
566,164,243,748,736
558,161,243,745,736
549,164,236,743,735
548,179,223,741,735
548,205,231,739,736
553,222,236,739,738
561,236,238,740,738
568,244,241,741,740
571,249,245,742,740
573,246,247,744,741
571,228,247,744,742
568,224,248,744,741
567,244,251,744,742
570,324,260,746,742
576,399,271,748,741
582,460,275,750,742
591,503,275,751,740
594,519,274,751,742
587,479,262,750,743
572,390,243,749,741
564,289,239,749,734
567,198,239,748,724
569,30,230,748,712
574,0,221,746,695
579,0,218,744,671
586,0,214,742,634
591,0,218,741,598
588,0,222,745,569
589,102,227,751,563
594,165,245,757,565
600,173,269,761,569
600,153,298,764,576
588,116,307,766,583
575,72,320,769,593
557,15,334,774,598
559,0,343,779,599
572,0,346,782,600
584,0,353,783,600
596,25,353,785,598
603,64,358,787,601
606,99,365,789,608
604,120,369,791,610
599,101,369,792,613
595,68,371,794,617
590,37,373,794,619
586,0,368,794,617
590,19,367,793,616
596,28,369,794,615
593,30,374,795,618
582,32,380,795,621
572,29,382,796,621
565,25,388,798,619
563,0,395,799,621
569,24,410,801,616
581,38,418,803,613
590,62,422,804,612
592,83,424,807,614
593,117,426,808,612
590,110,427,809,611
585,73,424,810,613
585,61,424,811,613
588,59,423,812,607
594,81,423,813,605
600,105,434,816,605
602,126,440,817,599
603,143,440,817,598
603,150,445,818,597
602,151,446,819,598
597,138,448,819,602
593,108,450,820,604
594,95,450,820,600
596,72,446,821,598
598,69,441,821,598
599,78,440,822,598
599,91,440,822,599
597,106,442,822,602
595,121,440,822,605
592,127,441,822,605
589,111,443,822,605
592,81,445,822,602
597,51,446,822,600
600,43,446,823,600
601,36,446,823,598
603,40,447,824,600
603,62,449,825,602
598,102,448,825,604
596,153,446,824,604
598,227,446,824,600
602,337,447,823,601
603,385,449,824,605
603,444,446,825,610
606,460,440,825,614
606,438,434,825,617
599,356,422,824,623
597,251,399,823,632
594,66,386,823,641
581,0,371,821,648
587,0,359,819,659
600,0,349,818,664
609,0,330,814,668
609,0,295,805,666
607,0,252,794,657
594,0,217,785,648
578,0,187,781,645
562,133,170,779,640
552,190,162,774,636
543,187,160,770,637
541,172,158,766,636
535,146,165,765,640
533,137,168,765,644
529,139,188,767,651
529,140,195,769,655
533,141,202,769,657
534,139,206,769,658
534,140,204,768,661
533,140,203,767,661
533,142,201,765,664
540,147,206,764,666
543,143,210,766,668
545,123,209,764,668
548,88,199,760,669
553,54,197,754,670
559,45,189,750,669
576,54,193,743,667
588,53,185,737,662
592,44,178,725,661
589,31,173,718,655
577,25,172,710,655
569,14,179,701,649
571,29,186,694,647
582,62,190,693,651
591,87,202,696,651
595,74,204,698,652
599,44,205,696,653
603,37,206,695,656
608,37,210,695,657
613,58,211,694,660
615,101,215,693,664
615,117,215,693,667
605,128,216,697,669
601,131,221,698,670
602,79,217,698,670
604,30,210,699,672
605,14,206,699,671
620,14,207,697,672
629,31,218,696,675
644,74,228,697,677
651,104,215,695,682
655,119,229,697,683
656,120,231,698,684
656,111,236,700,684
655,92,242,702,685
652,106,244,704,685
650,113,247,706,686
651,152,251,708,686
651,186,254,709,686
651,216,257,710,686
651,213,254,708,685
649,200,252,705,686
643,195,252,706,687
637,197,251,706,687
630,208,251,707,686
627,211,252,706,686
622,220,252,704,684
610,222,245,700,682
606,225,243,700,680
607,234,249,703,679
610,275,252,711,679
618,370,259,721,676
621,444,278,726,674
617,490,284,731,674
612,508,289,734,673
608,500,285,735,675
604,423,270,735,679
598,325,251,734,678
579,254,245,734,672
563,42,243,738,657
557,0,248,740,645
572,0,241,745,628
591,0,251,750,613
614,0,253,757,589
633,0,250,762,563
642,0,256,769,551
637,110,277,776,541
624,191,289,782,545
606,214,316,786,546
593,205,331,792,548
591,157,337,796,551
595,161,346,800,560
606,172,355,804,575
616,184,367,807,589
633,197,373,809,596
642,205,383,811,600
652,210,390,813,602
656,222,394,814,601
658,215,407,816,607
661,222,417,817,610
664,226,421,818,615
666,223,432,819,619
664,231,436,820,622
662,236,436,821,623
662,240,437,822,624
662,242,436,822,620
667,253,437,822,621
671,260,438,822,619
673,271,444,822,621
670,278,442,822,621
666,287,448,823,623
663,290,449,824,625
662,289,451,825,627
663,282,451,825,631
664,273,448,825,631
664,265,443,824,630
665,267,445,824,627
664,277,448,825,626
662,279,450,825,626
657,280,450,827,629
654,275,451,828,631
653,267,454,828,633
652,246,450,829,634
650,235,447,829,636
652,231,446,828,637
654,237,445,828,639
655,240,448,828,639
655,249,450,829,638
654,247,453,829,640
655,242,457,829,645
654,245,458,829,646
650,246,457,829,646
645,236,456,828,647
641,226,455,828,646
640,214,453,828,646
641,208,453,828,645
647,225,456,828,647
653,259,457,829,648
658,299,458,829,652
661,351,459,830,656
663,411,459,830,660
663,452,463,830,661
660,455,460,830,666
652,382,450,830,669
640,285,433,828,673
639,179,430,826,676
642,0,420,825,679
650,0,413,824,683
667,0,407,823,687
679,0,407,822,689
692,0,397,821,692
700,69,380,819,695
705,131,359,815,696
706,212,324,809,697
706,269,308,804,692
706,293,283,799,685
703,291,267,797,676
694,264,257,796,667
684,228,265,795,660
681,158,269,794,658
670,88,269,794,651
662,34,269,793,643
664,41,266,792,640
668,77,267,793,638
669,108,276,793,640
671,126,280,794,641
670,140,281,794,644
670,129,287,792,647
669,118,290,791,650
666,120,298,791,652
658,112,300,791,656
654,119,301,791,658
658,120,303,792,660
663,131,300,791,661
666,140,298,792,662
668,124,292,792,665
673,90,285,792,668
675,66,283,789,669
674,49,278,788,669
670,49,255,786,664
655,41,238,785,661
641,44,234,782,658
624,60,224,777,654
602,53,205,774,652
592,58,196,768,649
588,58,200,761,651
593,54,201,759,648
604,56,212,759,650
617,68,220,760,653
624,93,232,762,658
626,109,241,762,664
626,112,241,761,667
624,111,238,761,669
620,100,235,759,669
610,93,230,759,669
603,80,227,758,668
597,88,231,758,668
595,111,238,758,670
596,114,233,757,671
595,115,231,756,673
590,115,231,755,676
586,122,234,753,677
584,124,234,753,678
577,136,239,753,677
568,145,242,753,675
562,159,244,753,674
565,171,246,751,673
567,202,248,749,670
572,265,257,750,668
577,327,264,753,667
582,382,271,754,667
584,420,275,755,665
585,431,273,755,665
579,412,270,753,666
571,335,251,749,668
557,232,234,747,669
550,11,226,747,669
552,0,234,747,666
560,0,239,752,662
564,0,243,757,659
574,0,258,762,656
584,0,266,767,651
593,0,271,771,642
600,0,271,776,638
605,24,274,779,630
602,126,280,783,626
597,181,296,786,619
597,213,303,789,613
602,217,310,792,614
617,237,335,798,610
634,234,361,803,614
638,231,376,806,622
633,231,390,807,633
631,232,403,808,637
628,238,409,810,640
628,244,411,811,645
628,246,414,811,647
631,243,417,812,648
634,247,420,814,651
636,244,428,817,649
636,250,433,818,654
632,247,436,820,659
627,248,440,821,663
622,249,436,822,665
620,245,444,823,666
620,249,443,823,665
621,247,444,823,664
621,243,441,823,663
624,238,440,823,664
626,227,442,823,664
626,218,442,824,664
626,220,445,825,664
627,221,445,826,664
626,220,446,826,660
626,220,443,826,659
626,225,444,827,658
627,234,446,827,659
628,236,448,827,659
631,236,449,827,657
631,227,448,827,655
629,221,447,827,654
626,223,447,828,655
629,236,449,828,661
635,239,451,827,663
636,245,450,828,663
639,244,447,828,663
639,242,446,829,661
637,245,448,830,662
636,248,450,830,662
633,255,454,831,662
633,265,456,830,667
634,283,458,829,670
634,308,460,828,673
633,369,459,828,675
638,394,457,829,675
640,390,455,829,674
641,328,444,829,678
638,246,428,827,680
637,152,415,826,681
637,82,411,825,683
645,21,407,823,685
656,16,394,821,683
668,38,379,817,679
675,51,359,812,679
685,36,332,805,672
684,40,295,795,657
681,49,272,782,638
678,80,249,772,621
673,115,241,767,603
664,107,229,764,592
660,92,224,764,584
659,87,225,765,590
658,79,224,766,590
656,70,226,768,597
654,61,232,769,604
656,69,234,769,607
660,74,241,770,609
666,73,249,771,611
670,70,256,771,610
671,64,263,772,611
674,58,263,771,613
674,61,264,770,613
673,72,268,769,614
669,82,273,768,614
665,85,267,768,616
664,73,256,767,614
670,55,245,767,612
676,58,247,766,609
685,61,248,763,611
695,69,258,763,608
702,79,268,762,613
708,107,272,763,616
711,112,248,761,624
713,112,259,761,627
715,103,260,760,631
715,97,262,757,630
712,90,261,753,630
711,82,263,752,629
710,79,268,751,625
711,100,276,750,630
711,108,280,748,633
711,119,282,745,633
707,128,284,744,635
701,155,286,745,637
695,200,287,746,640
690,233,297,746,640
690,267,298,747,643
690,276,301,748,646
694,271,300,748,647
700,262,299,744,646
704,256,302,741,645
704,256,305,740,643
703,268,309,740,642
703,285,313,741,641
703,317,315,742,637
702,353,317,742,635
701,372,318,743,633
693,368,316,744,631
673,316,312,747,630
651,217,302,747,629
631,107,290,748,625
608,0,274,750,621
596,0,271,753,618
594,0,280,757,615
606,0,293,765,614
622,0,302,775,608
651,0,299,784,607
671,36,314,793,597
679,155,336,802,580
683,214,353,810,578
679,256,368,814,584
667,269,380,817,589
658,266,393,818,589
642,253,396,819,589
630,240,400,820,589
626,228,400,821,593
627,214,401,823,596
629,213,405,824,599
629,217,411,825,602
628,217,414,826,605
626,214,414,828,607
624,199,412,829,609
621,186,411,829,608
619,190,410,830,611
619,199,413,831,615
622,205,417,832,620
620,209,418,832,623
618,212,419,832,624
613,205,419,832,624
599,188,418,833,625
593,185,412,833,625
588,165,409,833,628
584,158,414,833,629
582,159,417,834,631
586,168,419,835,635
592,178,418,836,636
592,185,418,836,636
594,188,417,837,638
592,185,418,837,640
590,183,417,837,643
589,185,418,838,644
590,185,419,838,644
590,183,415,838,642
590,166,411,838,642
590,161,407,838,640
592,180,407,838,639
596,190,409,838,639
594,192,411,839,637
590,192,413,839,635
587,187,416,839,634
587,179,417,839,633
589,180,419,839,633
594,192,421,839,632
600,200,423,839,634
598,203,425,840,632
593,197,424,840,630
591,192,420,840,630
593,185,416,840,628
597,194,414,840,629
605,222,418,839,630
614,275,425,839,636
621,344,428,840,641
619,384,434,840,647
620,415,435,840,647
619,423,438,840,648
619,421,439,840,649
619,390,437,840,648
617,317,425,839,649
614,213,402,838,650
610,8,389,838,648
612,0,386,835,648
620,0,373,831,646
633,0,348,827,637
649,0,337,821,630
660,0,312,812,625
668,0,291,802,610
679,0,280,798,593
689,23,270,795,580
693,78,262,795,562
683,114,267,795,554
681,123,277,797,546
684,130,280,798,548
689,129,287,799,548
691,130,299,800,548
693,133,303,802,551
693,130,309,805,557
694,131,314,808,561
694,136,317,811,562
698,136,322,811,569
702,139,323,811,571
703,141,327,811,576
704,142,328,812,578
703,139,330,812,576
704,138,331,812,575
707,136,331,812,580
712,132,331,812,585
717,134,333,812,587
720,138,335,812,582
724,161,336,812,581
726,169,336,811,579
727,178,335,811,582
726,179,334,811,582
724,170,335,813,580
722,169,338,814,577
723,166,340,814,571
722,168,340,813,565
719,169,341,813,566
718,172,342,813,565
714,180,344,814,565
709,181,344,815,565
706,181,345,815,564
703,185,345,816,563
699,189,345,816,563
698,187,345,816,562
699,186,344,816,562
700,184,343,816,560
703,184,342,816,561
706,185,344,816,563
707,185,346,816,564
706,184,348,816,565
704,191,350,817,568
703,206,350,817,568
704,214,351,817,567
708,211,352,816,566
711,202,351,815,564
714,199,351,814,563
715,197,350,813,565
714,197,351,814,566
714,204,352,814,567
714,208,352,814,569
717,211,352,814,569
722,208,353,814,570
724,203,351,814,569
726,198,352,814,571
726,195,353,814,573
726,199,355,815,574
727,200,355,815,574
728,201,353,814,573
730,208,356,811,572
731,220,358,811,574
731,226,359,811,576
731,240,360,813,578
730,256,362,813,583
729,259,362,814,583
727,268,363,815,584
725,283,368,816,585
724,288,371,816,582
724,296,372,816,586
726,319,376,816,588
728,357,380,817,588
728,385,383,818,587
726,400,382,819,585
725,358,379,819,583
723,242,362,819,581
719,151,333,818,583
720,0,335,818,586
721,0,336,818,591
723,0,340,819,591
724,0,343,820,590
725,0,343,820,591
725,0,345,821,591
726,0,345,822,591
726,23,346,822,582
726,95,348,822,579
726,133,350,822,577
725,143,351,822,573
724,151,353,822,571
721,169,354,822,571
713,173,356,822,571
709,180,361,822,569
705,181,364,821,568
698,178,363,820,568
696,178,365,820,570
700,182,366,820,569
703,193,367,820,569
706,199,367,821,570
707,206,369,822,574
705,193,366,823,575
703,171,359,823,573
695,132,357,823,570
690,124,356,824,571
688,125,354,825,574
685,130,355,827,575
677,140,359,828,578
668,177,363,829,580
663,179,367,832,581
663,178,370,833,586
663,167,372,834,589
658,173,370,834,591
648,179,370,834,592
639,185,380,835,593
627,186,382,835,595
623,189,384,836,597
624,193,387,835,599
627,191,391,835,598
632,197,392,835,597
632,186,394,835,596
632,174,395,835,598
631,146,395,835,602
626,123,398,836,603
620,143,400,836,603
619,151,403,837,606
618,161,404,838,608
618,170,405,839,605
614,175,407,839,603
610,186,413,839,604
610,199,409,839,607
612,192,407,839,608
615,189,407,838,606
617,188,408,839,604
619,169,408,839,602
616,145,408,840,602
610,116,409,840,601
609,113,409,840,601
609,113,409,840,604
607,121,409,840,604
610,133,407,840,604
614,153,407,840,604
618,155,407,840,604
614,160,406,840,604
610,162,407,840,607
605,148,402,840,608
600,105,403,840,608
596,80,401,840,606
595,63,401,840,603
590,61,400,841,599
589,65,399,841,598
591,95,399,842,604
591,117,401,842,607
589,162,398,842,607
586,190,398,842,606
584,214,398,842,600
585,214,400,842,597
588,217,400,842,596
593,222,398,842,594
604,254,396,842,601
619,325,397,842,609
630,374,401,842,610
636,419,399,842,610
637,419,392,842,615
632,362,380,841,617
622,289,354,840,619
607,178,310,839,621
611,2,294,837,622
615,0,301,836,621
628,0,307,834,616
643,0,312,831,601
655,0,312,826,592
660,0,311,821,574
670,0,307,817,564
682,0,287,815,554
692,0,294,816,547
691,47,292,818,545
687,54,295,818,548
686,48,299,818,541
688,33,302,818,543
682,7,303,818,543
678,0,298,817,542
676,0,303,817,546
677,0,306,818,549
676,0,306,819,553
669,0,312,820,553
667,0,315,820,548
674,0,314,819,548
686,0,315,819,551
697,16,316,818,554
704,36,323,819,557
707,63,329,818,564
708,61,326,818,570
709,40,320,816,572
708,28,317,814,572
708,25,319,812,574
708,28,321,809,579
708,51,329,807,581
706,81,331,807,585
707,102,339,807,590
707,120,346,807,591
711,115,348,807,591
713,96,348,807,590
716,95,348,806,589
716,99,349,807,590
715,120,350,806,591
708,137,352,807,591
700,153,353,807,592
694,167,356,807,592
689,172,357,806,592
686,174,356,806,592
683,174,357,806,593
680,180,358,806,593
678,185,358,807,592
674,190,360,807,592
672,195,361,806,590
672,196,362,806,589
671,199,361,807,587
669,208,362,807,590
669,217,361,808,589
671,223,363,808,589
672,225,367,808,589
673,231,371,809,590
674,247,375,809,587
675,276,375,810,587
675,299,377,810,591
675,332,380,810,590
673,368,381,812,586
669,400,385,813,585
665,414,384,815,586
662,374,383,815,590
658,271,369,814,594
650,150,349,813,594
647,0,353,812,595
650,0,356,812,593
653,0,359,812,596
657,0,362,811,598
658,0,362,812,600
662,0,362,812,601
665,0,361,812,599
667,0,360,812,596
668,0,358,812,595
668,0,357,812,594
667,0,357,812,591
663,9,360,813,588
661,43,359,813,588
657,66,362,812,586
648,83,363,812,587
638,86,365,810,587
632,95,364,810,588
630,89,363,809,585
630,74,361,809,583
630,69,359,809,583
634,60,357,808,583
639,51,356,809,584
643,52,357,809,585
646,54,356,809,585
647,53,358,810,585
649,57,359,811,583
651,55,360,811,582
653,47,360,811,583
656,43,360,810,583
657,40,360,810,583
655,33,361,810,585
653,27,360,810,585
651,25,361,810,585
652,20,361,810,582
652,10,361,810,579
653,10,361,810,579
655,7,360,810,580
656,0,358,810,580
657,0,356,810,579
658,0,353,810,579
657,0,353,809,579
654,0,355,809,579
650,0,356,809,579
647,0,356,808,576
643,0,357,808,572
641,0,357,808,571
642,0,355,807,570
643,0,354,807,570
643,0,353,807,570
644,0,353,807,570
644,0,353,807,569
644,0,353,806,571
643,0,354,806,572
642,0,354,806,574
643,0,356,806,573
643,0,357,807,572
643,0,358,807,572
643,0,360,807,570
