F1,F2,F3,F4,F5
106,366,231,367,575
105,366,233,367,578
105,366,235,369,579
104,367,242,370,579
105,367,247,371,579
104,365,251,371,579
104,365,251,372,580
105,367,252,368,580
107,367,252,371,580
107,367,254,373,581
109,366,253,375,581
111,366,252,376,582
111,364,248,376,581
116,363,239,376,580
124,363,236,377,578
132,363,234,380,579
134,367,234,382,579
135,365,234,383,579
124,364,235,385,580
124,364,234,386,581
121,359,239,384,581
116,354,246,384,581
114,354,248,384,580
116,358,251,385,578
126,366,251,386,578
138,365,252,386,577
152,368,253,385,577
157,377,256,385,578
162,389,258,386,577
162,406,260,390,578
162,420,263,391,577
167,432,272,393,573
180,473,278,390,572
197,501,282,388,567
213,517,282,385,567
220,525,281,387,563
229,524,274,386,565
223,495,270,387,564
211,461,263,384,566
188,410,257,380,565
149,356,252,374,567
166,309,231,355,573
171,253,251,339,579
174,214,247,329,584
187,184,232,311,587
210,209,223,298,590
233,238,215,287,590
253,274,214,282,592
275,271,201,274,593
298,256,174,271,593
319,239,170,283,593
336,219,156,283,590
352,210,149,278,588
360,202,150,277,578
370,199,166,273,574
379,201,176,281,568
393,176,188,290,557
416,179,193,291,555
432,197,199,303,556
441,210,210,314,554
446,216,215,331,551
448,231,214,343,553
450,233,220,352,555
452,240,213,354,556
450,240,212,359,558
452,244,214,363,560
454,247,218,366,559
446,250,226,373,560
419,238,236,377,554
384,232,250,379,550
370,234,256,382,550
372,239,245,393,549
374,247,245,402,551
381,252,243,408,552
386,262,238,411,555
384,266,236,416,559
387,270,232,420,564
399,284,231,416,566
422,286,232,421,562
442,301,233,431,555
459,301,224,436,550
472,304,218,443,545
480,306,209,449,543
484,305,194,453,549
489,308,191,448,549
494,315,182,437,542
500,317,172,436,536
512,318,164,431,538
516,314,165,430,533
520,310,166,426,533
527,304,171,420,531
529,310,176,425,534
531,316,177,426,531
531,318,173,428,530
528,323,169,422,531
528,331,171,423,530
532,342,181,428,527
536,343,186,432,530
543,342,188,435,533
552,341,189,439,526
558,336,177,437,524
568,332,156,444,517
573,320,159,445,510
577,314,160,444,504
577,316,172,445,505
574,322,174,452,503
573,330,175,453,504
577,335,181,448,502
585,341,182,451,492
594,325,174,457,493
596,322,176,463,485
598,321,181,470,486
593,324,186,476,488
585,329,189,481,493
583,333,187,484,497
586,329,188,484,501
587,326,185,483,503
585,328,186,481,503
587,333,188,479,501
592,337,195,472,502
594,339,193,471,502
600,339,194,467,502
606,333,196,464,503
610,322,196,463,499
613,308,198,461,498
617,314,199,459,495
621,319,200,455,496
623,322,201,453,498
628,331,200,453,500
633,339,204,460,492
634,347,209,469,494
634,359,214,476,495
634,365,215,476,496
633,365,215,479,497
632,357,214,475,501
631,348,215,472,499
632,338,217,465,498
635,336,219,464,499
641,345,224,465,501
649,351,225,469,504
657,372,225,473,503
663,397,229,474,494
666,408,230,474,492
667,435,227,472,492
663,451,228,473,498
655,456,234,473,502
643,453,234,478,509
629,450,232,480,514
609,433,229,478,512
595,378,230,477,507
586,265,239,474,510
574,117,239,474,500
554,0,227,474,498
537,0,222,473,500
526,0,212,465,503
508,0,215,453,517
482,0,224,447,532
437,0,231,422,539
390,86,220,425,544
365,159,210,442,549
364,223,186,450,553
390,267,147,469,557
425,283,134,490,559
437,282,122,511,564
430,268,107,523,566
429,258,108,532,571
421,250,116,538,572
422,239,142,538,574
427,233,164,537,574
418,218,183,538,574
409,198,188,539,571
406,200,192,536,571
411,202,191,536,569
426,197,193,530,569
434,196,197,527,568
437,197,199,526,566
433,197,199,524,566
423,202,192,519,564
408,200,194,517,560
389,207,200,515,559
368,212,203,513,559
343,217,201,514,557
335,216,202,507,559
362,221,196,503,560
383,219,197,506,559
417,219,205,509,558
466,196,211,514,556
512,181,218,525,548
540,189,218,514,535
560,199,230,506,529
578,204,236,500,515
590,204,236,498,510
598,200,231,506,514
598,202,229,510,516
602,209,230,514,522
605,216,236,520,532
611,233,248,526,539
616,245,258,529,541
609,257,265,524,544
598,263,270,520,547
585,266,274,514,546
572,262,277,513,552
560,255,275,513,554
543,255,274,518,555
531,263,270,517,557
518,285,271,513,560
503,282,272,507,563
482,249,273,504,564
455,198,275,502,567
434,160,265,495,573
449,148,259,496,580
470,162,258,502,584
479,192,262,506,584
492,239,268,507,586
501,310,277,510,586
508,348,282,510,590
508,389,290,514,591
508,413,298,516,595
512,452,304,520,598
522,490,319,522,599
533,519,321,520,604
539,538,319,518,603
539,524,316,503,601
534,470,308,495,595
526,362,275,490,581
528,210,243,487,558
525,0,242,488,545
534,0,233,483,535
542,0,218,448,526
533,0,181,363,521
521,0,157,286,512
524,0,132,214,501
522,0,100,194,493
521,48,105,209,509
505,216,54,255,529
493,251,57,304,538
502,255,105,349,539
511,220,125,374,541
521,202,150,390,544
529,166,157,399,537
534,172,154,406,523
539,173,142,415,508
547,174,134,422,499
553,169,114,425,495
561,169,119,433,489
564,160,128,438,487
563,164,148,448,487
551,171,165,461,488
546,172,172,461,486
557,186,172,464,484
567,200,153,458,476
576,208,110,453,472
592,198,95,451,467
601,202,77,446,453
606,209,77,449,453
609,217,87,454,449
609,221,96,457,442
601,235,106,462,435
592,235,107,469,429
584,217,107,471,428
571,205,117,468,433
577,214,122,464,442
588,223,113,461,445
606,220,100,467,435
623,215,80,464,423
633,217,68,470,399
639,223,74,473,387
640,225,83,475,376
638,234,87,482,374
633,244,94,484,375
634,260,98,482,376
638,267,98,476,374
645,265,85,481,360
650,251,88,480,353
655,236,90,486,354
659,242,102,487,352
660,243,117,491,353
659,251,127,495,353
666,264,129,499,349
668,266,129,500,351
665,265,120,500,354
657,260,121,502,357
649,261,128,503,359
643,259,119,501,358
646,255,118,503,354
653,254,111,506,349
660,253,108,506,347
667,244,119,511,344
669,242,129,521,344
671,241,138,523,346
671,246,152,527,347
670,262,154,528,350
670,267,156,527,352
671,279,149,527,352
670,292,151,529,354
669,310,157,531,363
668,341,168,531,368
667,408,187,533,373
666,461,202,538,380
662,478,196,543,384
655,464,188,542,385
647,405,149,545,386
639,311,118,549,382
628,165,111,545,378
615,0,107,544,376
593,0,102,533,385
567,0,103,506,391
536,0,105,489,406
524,0,98,495,423
516,0,104,491,437
496,0,102,489,459
467,159,117,484,480
436,259,137,478,491
416,295,146,486,494
409,302,138,489,503
422,292,147,499,514
455,282,162,510,528
473,270,170,516,540
480,277,173,519,543
485,279,191,520,546
491,276,188,519,551
489,271,194,521,552
488,275,204,518,555
484,279,205,516,557
488,286,207,512,560
492,299,212,514,562
490,318,219,512,563
479,327,227,514,565
445,328,235,514,566
418,320,237,511,565
409,309,238,505,566
407,297,235,498,567
421,283,222,495,567
461,285,226,495,568
490,288,230,499,567
508,305,239,508,563
524,316,241,515,562
541,322,245,519,562
553,325,245,510,557
558,321,235,499,552
560,313,226,498,550
565,306,211,497,548
575,297,186,494,537
582,293,178,496,517
587,276,171,488,506
590,263,172,490,503
594,256,175,488,492
596,251,176,489,487
600,249,178,490,486
604,256,186,495,483
605,271,196,501,483
605,277,204,500,481
596,280,205,495,482
586,275,207,493,485
575,273,208,493,490
563,273,217,493,495
561,269,222,495,499
541,261,225,498,503
507,243,217,496,507
450,224,206,477,511
387,223,210,455,517
337,228,211,444,523
328,241,211,443,526
354,263,215,448,527
388,285,223,453,525
396,308,236,464,521
399,318,243,467,524
410,324,248,470,526
422,334,255,472,529
430,345,254,477,531
439,364,260,483,536
453,398,263,490,541
478,443,275,495,547
505,490,293,498,540
526,538,304,501,532
541,549,301,500,520
548,555,297,495,516
547,520,284,492,516
539,458,251,488,514
528,352,237,483,507
517,255,222,481,494
515,101,220,479,485
515,4,219,477,478
523,0,219,472,471
533,0,203,430,462
543,0,159,373,451
548,15,143,325,438
559,162,129,308,424
569,238,127,321,426
570,293,147,349,430
574,307,193,370,442
573,309,210,392,451
567,297,222,404,451
557,257,228,416,450
551,250,241,429,448
540,215,251,438,443
538,185,258,446,446
542,181,247,454,446
552,167,223,459,442
559,152,205,464,435
561,169,177,468,423
561,184,177,474,418
560,206,182,477,418
553,212,192,485,421
552,209,195,487,427
561,201,189,485,420
571,203,177,485,397
576,196,159,483,383
577,195,159,486,373
574,198,157,496,368
570,196,166,503,371
566,204,175,510,375
560,196,187,506,386
534,176,199,496,395
485,138,198,478,397
459,104,197,478,399
433,81,191,479,404
417,96,185,474,419
405,114,176,473,432
414,122,151,473,443
447,142,139,477,450
469,148,140,480,444
473,154,151,487,441
467,144,160,485,440
467,143,169,486,445
477,135,169,486,445
484,138,153,484,445
495,148,143,486,452
500,165,145,494,451
488,181,152,501,452
460,199,158,506,456
432,215,179,507,460
419,219,186,509,464
412,219,192,516,466
407,213,196,519,464
400,205,196,527,463
397,195,192,532,457
392,196,188,537,453
384,203,189,537,452
387,206,191,534,455
407,207,196,532,456
418,225,198,533,456
420,235,200,535,453
423,252,204,538,446
424,278,206,541,447
426,314,220,546,446
435,321,226,547,442
447,344,231,545,455
456,377,235,545,467
463,407,243,549,470
469,437,243,545,464
475,456,244,542,460
473,477,235,532,458
469,477,228,520,453
464,444,221,505,449
459,347,204,500,443
456,216,175,494,427
456,16,175,490,432
457,0,173,479,440
460,0,169,468,446
455,0,167,463,463
435,0,165,449,486
417,0,157,478,489
402,0,156,487,497
397,72,147,491,511
394,197,148,476,517
394,265,150,469,522
398,293,169,465,528
396,291,162,461,534
390,274,161,466,532
370,249,187,470,532
364,255,195,476,529
370,270,200,481,525
378,276,202,482,520
379,282,210,475,517
371,285,221,482,519
370,293,225,479,521
384,288,223,487,528
392,286,219,487,534
396,285,224,497,544
390,292,232,505,545
374,294,243,511,544
368,292,249,515,545
385,292,250,515,546
422,293,251,513,544
463,306,255,516,542
488,310,257,518,539
508,308,254,522,538
512,304,245,516,536
505,286,232,514,529
482,264,217,505,526
444,253,194,503,520
415,249,187,497,518
370,241,181,501,517
341,240,172,507,517
332,257,179,503,514
354,281,191,498,514
376,309,197,487,515
391,322,204,488,521
395,328,209,489,528
397,343,212,491,539
396,340,216,493,546
391,346,220,492,551
383,352,223,494,552
375,352,224,491,553
371,347,226,492,555
363,338,228,496,555
357,321,230,490,557
338,239,231,480,560
327,233,230,473,562
306,219,229,462,560
277,231,225,454,558
275,236,216,450,553
270,243,220,452,552
273,269,219,455,551
287,290,212,457,550
309,297,213,462,549
326,305,217,467,550
338,320,225,472,548
342,328,229,477,550
335,337,232,478,555
325,340,235,478,553
313,338,240,479,551
298,344,243,479,548
295,347,252,479,542
298,346,256,482,538
322,317,256,482,538
394,295,255,474,533
451,263,251,470,528
473,240,241,468,528
508,219,234,468,530
522,212,233,472,530
529,213,226,476,525
531,217,226,483,527
523,223,228,486,527
508,236,233,489,526
488,237,234,492,528
467,241,241,496,527
460,244,243,501,530
450,243,246,507,532
436,246,249,513,535
407,249,247,517,537
369,256,251,520,536
341,264,259,525,538
338,268,265,525,537
360,261,266,523,533
382,239,265,520,532
405,228,264,519,530
429,225,265,522,528
450,227,267,517,522
456,238,271,520,519
450,247,273,524,518
439,253,272,525,522
419,264,276,526,525
396,267,277,526,527
391,281,279,527,532
399,330,286,532,536
411,416,291,536,534
427,499,291,535,528
448,546,296,537,526
460,565,288,541,524
463,562,282,540,518
458,513,263,535,517
437,439,238,534,517
428,330,224,521,510
420,166,222,508,511
416,51,217,511,513
419,0,220,514,516
435,0,220,512,515
454,0,221,507,513
478,0,206,445,501
493,87,166,404,507
506,226,153,391,504
517,298,143,403,511
532,329,176,414,518
555,318,201,439,514
563,288,232,447,504
557,261,272,466,502
544,260,290,480,502
538,224,277,493,505
512,213,273,498,505
502,210,274,509,494
495,204,275,515,495
489,212,283,522,502
491,218,279,535,504
499,223,284,540,499
505,229,282,548,493
514,228,271,557,488
521,224,269,559,487
523,221,268,559,489
520,225,268,557,486
514,215,273,558,487
508,214,277,561,481
519,220,272,560,469
537,233,260,552,453
549,231,237,554,441
559,255,223,551,434
565,270,219,549,424
571,270,212,538,415
579,271,212,536,405
579,270,220,539,396
575,265,232,540,385
572,262,233,532,386
574,254,224,526,390
580,257,224,524,388
586,262,225,527,385
595,268,229,531,385
600,269,234,535,380
599,274,245,530,379
592,277,252,534,381
588,278,256,536,386
593,271,257,538,385
605,268,253,541,381
613,266,247,549,379
620,266,242,552,370
625,280,236,560,367
628,290,237,567,365
629,301,236,571,360
625,310,242,572,362
626,312,243,571,366
629,316,248,574,360
637,325,249,583,355
641,325,255,589,346
644,322,254,587,324
643,321,252,585,317
642,321,252,588,316
643,315,253,591,320
646,319,256,596,324
649,325,258,600,327
653,329,259,603,324
656,331,260,604,314
659,334,261,603,310
659,335,263,601,311
659,328,261,596,315
658,317,254,594,315
660,308,248,599,316
662,307,245,599,310
660,310,248,601,310
653,312,252,602,316
651,316,253,601,318
653,322,257,597,321
656,327,255,595,322
657,329,254,595,325
661,324,245,596,324
663,321,241,601,325
662,319,242,602,325
658,322,249,604,322
653,326,264,605,330
647,344,267,606,338
641,383,268,608,352
638,430,274,612,351
640,476,272,612,351
645,477,268,613,359
648,447,271,616,356
650,393,246,615,343
653,318,211,609,341
656,237,192,603,341
654,133,178,593,351
646,0,170,586,365
639,0,153,567,378
626,0,147,549,389
606,0,149,529,409
579,0,155,527,422
554,36,175,515,431
534,161,170,505,458
511,227,163,483,472
486,263,187,464,488
471,289,187,441,503
447,276,179,428,513
435,259,177,425,521
436,273,190,425,527
454,275,199,421,527
465,298,199,416,523
475,304,206,418,525
481,308,213,419,530
484,317,222,418,529
486,321,229,425,531
473,324,232,434,528
444,325,235,451,528
421,329,245,461,529
414,328,253,470,526
427,333,255,475,526
436,336,257,476,529
442,332,249,480,530
456,317,235,477,528
466,287,223,470,528
472,279,218,459,535
476,275,216,463,536
457,216,218,464,540
447,234,222,462,538
440,231,223,461,536
431,223,221,456,535
416,216,220,449,533
387,218,221,440,532
370,236,213,431,529
349,220,210,433,527
344,235,220,440,524
340,224,215,436,521
340,203,226,438,519
339,172,231,445,523
333,170,237,444,534
335,192,238,447,536
322,225,246,448,539
323,248,256,446,544
332,263,255,443,544
331,265,252,434,548
325,274,246,428,547
315,277,246,415,546
320,295,245,395,546
311,275,250,381,544
312,254,246,377,541
327,263,247,384,539
337,274,246,390,540
342,279,246,399,541
347,271,253,401,545
349,273,263,400,549
346,295,266,405,549
348,303,271,407,550
350,317,275,409,550
350,324,276,408,548
351,328,280,410,547
345,334,284,413,548
332,339,287,414,550
308,350,292,417,550
268,362,298,420,550
238,378,298,418,546
228,403,303,413,546
227,423,306,411,550
231,472,312,410,552
250,527,313,413,550
281,549,316,414,547
287,566,311,414,541
286,560,302,411,537
282,506,288,411,532
261,449,261,406,526
221,346,248,405,524
165,242,241,418,526
110,102,245,421,517
96,50,256,433,515
146,16,258,422,509
233,40,232,389,507
328,96,209,373,503
400,202,207,384,505
445,270,220,410,505
461,295,238,431,506
460,291,257,442,510
434,254,265,448,519
414,243,269,464,523
410,236,263,470,525
438,239,264,482,515
463,248,269,493,498
479,249,263,503,488
491,261,265,505,483
501,279,265,508,479
511,289,262,511,475
514,291,266,514,477
513,293,266,517,475
519,280,281,521,477
520,279,267,524,472
512,280,273,528,472
505,287,271,532,470
494,290,277,537,472
491,290,271,540,474
497,287,268,540,476
506,285,268,546,476
515,278,280,550,476
527,281,282,553,472
540,285,284,552,471
550,288,282,553,470
560,292,282,550,465
567,302,265,550,461
568,313,288,551,451
560,321,278,558,421
550,326,286,555,421
544,326,287,552,434
551,328,289,551,431
562,327,291,556,402
569,327,284,562,394
572,323,290,567,393
574,314,300,573,399
573,314,300,581,402
570,313,298,586,407
567,314,299,590,412
572,317,296,594,410
583,320,293,597,403
588,320,294,601,398
592,321,292,607,395
596,322,294,606,397
596,322,290,604,399
596,319,289,602,402
595,318,289,602,401
595,320,292,603,395
595,315,295,602,391
594,309,296,601,392
595,306,298,600,394
592,310,299,600,397
588,325,298,596,400
588,340,297,592,404
590,353,298,589,404
593,367,294,588,403
595,371,293,586,405
595,373,289,586,407
593,371,294,590,410
590,397,304,591,417
588,465,311,592,420
586,484,309,589,417
578,515,308,586,410
577,519,301,582,406
574,504,286,575,403
574,450,261,566,395
577,356,232,557,383
579,253,203,544,388
589,106,191,540,400
595,0,176,540,411
592,0,182,531,431
592,0,172,512,438
588,0,167,481,454
582,0,167,445,463
573,92,182,414,461
565,235,156,375,467
554,301,176,350,490
537,321,187,348,504
507,319,194,359,512
494,310,196,369,509
462,296,203,392,510
441,279,209,415,509
432,279,215,438,508
435,301,214,450,506
447,322,218,456,502
465,336,222,450,501
479,339,226,440,502
486,343,226,430,505
492,345,229,433,508
493,348,236,437,514
491,353,238,439,518
496,347,246,450,521
516,348,258,474,521
537,347,265,491,521
552,345,271,502,521
559,336,270,504,522
562,337,273,494,520
561,341,270,485,517
570,336,264,482,514
583,332,254,476,508
607,343,252,469,492
631,354,254,462,488
644,367,249,452,478
654,362,249,440,450
655,356,252,441,444
653,359,263,451,420
647,362,277,453,408
646,369,291,454,402
645,374,292,451,392
652,358,288,448,395
648,344,285,448,385
647,334,286,453,369
642,339,288,459,368
637,352,290,464,369
632,359,293,465,369
624,363,298,469,370
602,357,292,465,369
577,336,292,454,372
565,329,302,447,379
561,329,310,451,392
565,331,312,462,398
569,333,315,469,399
573,339,319,479,401
575,350,322,489,402
575,356,319,494,404
572,360,314,491,405
568,365,314,493,406
564,366,311,491,408
564,368,311,496,415
566,378,319,504,417
572,402,325,511,419
576,448,334,518,419
576,487,343,522,419
577,530,346,524,412
579,533,350,525,408
584,552,349,520,406
590,524,343,512,405
595,476,329,519,406
598,420,312,526,398
601,340,273,528,395
600,226,265,528,401
590,48,264,527,404
569,0,273,530,406
528,0,287,530,402
520,0,294,519,404
519,30,298,501,394
531,160,303,501,393
549,238,301,512,380
561,287,301,536,376
579,295,318,562,383
581,281,313,574,393
575,261,311,581,402
559,230,304,582,407
527,196,308,585,414
513,203,310,587,420
520,213,315,589,427
526,220,318,594,428
535,220,316,595,430
541,222,318,598,422
546,211,309,601,410
555,201,315,605,405
572,194,322,610,397
575,202,320,617,386
576,205,323,620,387
577,217,324,621,391
575,228,326,620,394
581,237,325,610,403
592,256,316,601,401
606,257,285,591,398
614,267,273,589,386
618,278,269,591,385
620,274,286,597,379
619,277,296,602,379
612,278,303,605,383
604,274,311,601,392
591,265,315,595,401
578,218,312,585,409
566,165,296,572,423
550,91,277,572,440
526,33,258,572,447
505,0,252,576,448
490,7,247,572,441
480,40,245,564,441
481,95,244,557,437
490,134,241,544,434
498,146,245,538,435
502,132,245,540,433
499,124,246,546,433
486,133,248,549,430
471,164,256,552,434
475,194,265,557,441
489,219,267,559,448
498,238,284,560,455
507,260,293,562,461
508,268,300,565,467
505,283,306,567,473
500,265,310,569,476
492,233,307,568,485
485,177,298,563,484
465,130,286,563,492
425,113,288,563,499
409,104,280,556,500
396,95,281,550,502
410,139,285,548,500
422,154,286,546,496
428,156,288,544,495
433,172,290,541,496
426,222,294,551,500
416,266,297,556,506
419,317,301,560,511
426,345,304,563,516
428,385,298,563,524
432,406,297,557,526
436,417,301,550,531
433,417,308,551,528
430,421,315,555,526
428,449,322,558,527
432,499,331,558,523
439,544,333,555,515
449,587,326,547,511
453,595,309,537,507
455,566,275,532,505
456,517,256,532,495
459,445,234,534,490
460,327,224,535,476
467,127,204,529,481
463,0,199,516,494
465,0,199,500,501
471,0,188,479,508
479,0,148,468,508
491,0,108,434,507
499,0,104,428,504
507,24,109,423,503
511,215,71,422,500
514,315,119,417,502
515,342,148,410,509
512,348,161,426,516
520,324,179,457,521
518,300,202,494,517
520,293,213,512,513
518,287,222,518,512
510,279,221,517,506
504,261,203,504,505
502,263,199,487,502
507,263,196,486,505
515,267,200,480,508
520,262,203,481,513
533,277,204,485,514
546,293,209,483,513
563,302,213,493,509
571,298,218,504,503
575,287,213,505,484
584,273,207,506,474
592,282,206,507,469
610,291,202,497,457
622,313,203,491,444
629,332,212,479,426
633,342,222,477,418
630,343,221,486,408
624,339,236,489,410
615,330,241,490,410
609,320,246,489,414
609,319,248,490,414
615,323,251,492,418
623,314,250,490,412
630,330,248,487,412
640,339,255,484,399
643,357,257,478,385
644,351,258,472,388
643,355,259,467,389
644,355,260,460,382
642,360,265,455,381
638,365,271,461,373
639,366,278,467,367
657,369,272,462,364
664,365,258,446,356
669,347,240,434,346
673,325,235,434,338
671,323,257,448,328
669,319,262,451,331
660,330,266,462,332
649,341,282,469,337
638,343,291,466,344
626,364,291,463,351
615,374,292,464,351
615,389,295,469,351
612,405,305,477,358
612,456,313,485,363
613,490,313,490,361
612,515,314,494,360
610,525,316,496,363
606,539,310,496,364
595,546,306,495,363
577,520,303,497,365
554,458,288,501,366
537,387,265,502,362
527,302,216,508,359
511,95,218,509,359
497,0,202,505,371
480,0,221,491,376
450,0,235,478,380
421,0,246,449,386
434,0,258,469,389
453,0,275,501,395
485,221,287,532,391
491,303,315,554,396
466,349,323,562,401
428,348,324,562,405
381,334,300,561,407
349,316,303,563,416
344,301,295,562,413
332,280,294,563,418
296,277,296,567,424
304,278,296,567,421
317,275,301,564,428
335,282,301,565,428
341,284,302,566,429
338,283,299,568,432
343,286,301,570,433
358,286,298,571,433
378,289,294,577,433
388,293,316,583,432
404,282,309,587,430
417,280,311,588,430
429,261,308,588,430
427,249,306,588,431
412,253,309,591,431
402,252,307,594,435
410,251,302,590,442
411,253,296,587,445
401,255,299,590,446
377,272,303,597,446
342,285,311,598,450
321,294,311,600,453
307,290,310,596,460
273,276,303,597,464
262,263,301,601,462
253,255,305,607,460
241,247,309,611,463
212,241,303,611,465
178,237,303,608,468
157,239,307,605,467
156,242,306,605,468
167,249,304,603,467
179,247,299,605,467
186,247,296,608,462
209,249,300,613,458
234,253,301,616,457
241,259,304,617,458
260,264,308,611,458
273,274,304,606,461
273,280,306,604,462
261,280,310,606,460
235,282,311,606,459
220,285,311,609,460
220,294,313,611,460
253,306,308,610,464
304,346,308,608,472
336,393,315,607,484
345,439,318,606,483
353,466,321,602,478
360,485,320,593,475
354,472,315,590,475
347,444,303,584,474
345,381,284,579,473
349,351,258,573,476
352,271,247,568,474
357,193,240,565,473
374,73,236,565,469
395,0,229,562,467
415,0,196,544,465
450,3,149,535,466
481,76,135,470,457
496,161,124,423,448
500,244,132,371,450
496,272,126,342,447
477,274,130,347,457
450,246,145,368,457
423,246,166,386,454
423,210,173,424,451
437,207,168,430,448
466,224,172,427,442
493,243,176,426,444
502,260,180,428,446
508,264,179,432,449
516,248,144,430,451
531,242,158,420,453
529,248,159,407,461
525,239,164,403,459
526,240,170,396,461
525,242,172,392,462
523,231,174,409,461
524,230,178,422,458
538,233,190,446,458
550,240,198,455,451
557,252,201,461,453
570,259,206,450,451
582,277,203,452,442
590,280,204,451,434
594,284,201,454,438
594,280,206,460,439
584,284,212,467,441
580,289,219,480,434
569,300,232,485,425
556,310,240,486,424
539,315,246,488,427
516,313,241,480,435
498,302,208,474,442
525,300,198,473,436
555,301,222,495,444
589,316,240,517,450
612,320,263,527,452
625,328,271,527,451
631,327,267,527,447
634,327,265,528,451
636,330,267,531,457
637,333,265,536,457
631,339,257,536,455
630,338,259,538,454
633,333,257,544,450
630,348,265,548,452
624,357,271,551,454
618,381,272,546,457
607,390,272,538,457
592,417,274,531,462
571,444,274,529,456
554,454,268,526,448
541,463,271,519,445
541,470,276,521,446
549,484,290,525,454
553,508,295,523,457
556,534,291,516,448
553,547,286,503,443
546,557,282,501,438
531,528,282,503,438
520,441,264,508,434
507,332,243,514,426
469,234,175,524,419
422,33,182,524,425
364,0,181,517,434
293,0,196,505,439
222,0,207,481,436
193,0,193,458,440
200,0,178,489,439
206,0,147,483,444
219,161,119,485,443
229,267,128,500,446
242,326,180,518,456
239,350,185,531,460
244,340,200,540,466
266,343,203,543,470
266,340,211,549,467
257,322,219,551,472
247,323,234,551,477
230,326,240,556,486
248,334,246,560,493
275,340,268,563,496
290,346,286,565,497
300,351,292,569,498
308,354,291,569,498
296,356,294,568,500
284,360,295,566,501
258,365,300,563,503
233,368,301,566,505
195,361,297,568,505
171,340,282,569,503
156,336,283,568,501
173,330,307,570,495
203,328,307,572,487
246,324,305,579,483
270,330,298,585,480
277,332,288,591,476
269,330,284,594,480
244,327,283,598,484
215,326,282,599,484
196,322,310,596,483
192,322,314,598,479
222,329,316,602,475
237,333,318,602,472
248,332,315,606,472
253,323,313,613,473
252,318,308,618,473
244,296,306,621,478
231,292,306,622,480
223,294,306,622,484
230,303,299,623,484
261,308,302,622,484
285,322,302,623,484
295,340,308,627,480
302,351,314,629,481
310,360,321,630,485
320,362,324,629,486
326,363,321,628,486
331,364,321,630,485
324,361,319,634,485
292,346,319,635,484
268,330,319,634,483
256,326,322,632,487
263,330,321,626,493
274,330,316,624,493
279,333,311,628,491
271,335,312,627,490
210,328,306,628,481
196,317,305,629,484
198,327,306,628,484
227,351,312,626,492
278,386,310,620,503
305,440,314,615,508
321,481,319,611,498
327,516,319,601,491
329,537,308,585,482
317,525,251,566,482
286,490,200,559,482
256,414,135,557,482
252,303,137,556,472
276,103,134,562,466
331,0,150,574,475
387,0,160,581,485
439,0,164,581,490
467,0,166,578,496
478,0,161,544,498
487,0,106,506,503
489,54,83,489,498
499,190,98,446,497
519,256,108,395,492
522,279,128,355,501
502,287,133,344,507
493,262,136,348,513
482,243,137,364,523
475,238,141,382,528
479,243,149,396,536
493,256,146,400,533
501,255,133,389,535
501,241,123,378,528
503,240,121,374,530
505,243,128,382,534
502,240,139,403,533
505,246,151,423,534
512,250,162,447,533
515,255,177,468,529
532,265,187,479,523
549,283,192,483,513
561,290,195,498,509
570,285,192,505,505
577,274,186,518,500
580,276,185,529,493
586,280,190,528,491
590,281,195,524,487
583,282,205,520,485
581,286,212,517,487
588,288,212,510,485
609,321,220,519,481
634,328,218,537,470
656,340,216,537,462
669,357,206,545,445
675,368,220,544,435
675,368,228,546,430
674,371,240,548,421
672,374,247,546,422
673,375,251,542,426
670,377,254,539,427
666,374,254,546,427
659,362,254,549,428
653,350,257,552,430
644,352,261,553,438
635,358,265,552,443
632,367,266,550,443
636,373,260,546,441
636,370,251,534,439
640,358,233,520,435
644,337,216,520,430
650,324,221,516,429
652,320,227,523,428
653,323,233,518,428
660,328,236,515,428
668,329,233,516,423
673,331,224,515,421
675,332,223,522,418
674,328,225,525,417
673,314,227,529,417
675,313,231,536,423
677,315,239,539,427
678,321,245,539,431
682,328,249,536,431
688,328,247,535,428
691,316,241,533,425
692,309,238,535,419
689,320,243,537,423
686,346,249,539,425
683,366,255,540,430
682,414,260,543,428
682,439,266,543,426
682,470,267,547,428
679,501,268,549,429
678,506,270,552,431
669,506,277,554,433
655,482,280,557,432
635,415,272,560,434
620,313,251,560,431
606,229,225,559,431
592,66,218,558,434
579,0,208,555,438
562,0,202,551,444
546,0,206,539,454
525,0,211,511,463
509,0,218,491,465
497,121,222,483,473
488,239,230,476,482
477,286,233,475,481
453,316,240,478,482
425,329,241,480,485
409,318,245,478,487
405,307,249,481,487
402,304,245,485,485
398,306,244,489,485
383,308,243,491,483
363,309,242,490,485
342,311,244,484,481
330,312,245,476,478
316,329,245,472,481
304,335,245,467,479
298,338,243,462,482
297,341,243,451,488
293,343,243,440,489
302,341,236,422,494
317,344,243,413,494
323,353,245,415,496
332,353,242,414,500
328,356,243,415,499
323,360,246,415,501
321,363,246,416,501
321,362,249,412,503
325,362,250,413,503
326,363,246,418,502
327,361,247,420,505
333,360,242,418,511
340,358,236,417,512
341,358,236,417,514
335,353,240,421,514
333,341,240,420,513
332,324,243,416,515
330,328,250,414,515
323,337,250,409,515
318,338,252,409,514
310,341,252,414,515
296,346,251,415,513
291,350,251,412,512
288,350,254,407,511
283,349,255,408,510
274,350,255,407,510
266,350,257,396,510
257,351,258,392,511
237,348,259,390,511
223,340,260,381,510
206,335,261,361,510
185,333,261,352,509
177,334,262,351,511
168,336,260,352,510
159,338,260,352,508
164,337,258,353,510
167,340,257,358,507
166,341,254,364,505
161,338,254,367,505
162,341,248,366,505
165,342,247,361,508
169,347,246,354,510
172,347,242,350,512
181,345,242,348,513
180,339,239,351,511
186,329,238,351,513
181,322,235,347,514
171,321,237,346,516
154,324,240,350,516
148,327,246,351,517
138,334,248,350,519
137,335,251,353,519
134,337,251,354,518
132,339,251,357,519
136,340,252,358,520
140,341,252,362,520
144,342,250,362,520
146,343,247,363,520
147,342,246,363,522
149,337,246,364,522
150,335,246,364,522
153,333,244,361,523
158,332,246,362,524
167,331,243,363,525
172,325,242,362,525
182,325,241,361,526
184,327,239,360,526
184,330,239,362,527
184,331,240,363,525
179,330,239,360,526
181,332,239,352,526
184,332,237,352,525
190,332,234,347,526
193,329,232,343,526
196,325,230,347,526
198,325,230,348,526
202,328,231,352,527
208,331,236,354,527
210,329,238,357,526
213,327,239,360,526
220,328,239,358,527
222,327,240,356,527
217,329,242,361,527
200,333,246,365,526
187,334,248,364,526
180,333,249,360,526
172,334,250,358,524
161,334,250,357,524
166,335,250,353,525
170,336,249,356,523
188,337,250,356,524
193,337,249,353,524
208,336,248,349,524
221,336,246,346,523
221,328,243,342,524
222,323,239,341,523
220,320,241,341,523
