F1,F2,F3,F4,F5
298,256,245,401,487
300,255,243,401,487
302,252,243,403,484
298,251,242,406,483
296,251,245,406,481
294,253,249,409,480
291,256,251,410,481
292,251,252,413,481
296,253,253,415,485
299,256,253,414,486
305,255,255,416,489
315,262,256,419,494
324,278,259,420,497
327,283,255,423,500
331,288,253,424,505
331,296,251,427,509
334,305,253,427,513
335,318,254,429,517
337,324,257,430,522
337,329,260,430,522
343,356,266,431,521
345,384,272,432,517
352,426,279,434,508
356,448,286,435,503
360,494,290,432,503
364,496,286,434,502
360,508,283,431,506
361,484,277,430,504
361,436,274,428,499
362,341,265,426,494
364,251,251,423,483
368,127,251,415,482
381,0,250,413,487
392,0,252,410,498
404,0,251,409,508
416,0,231,402,514
428,64,196,398,519
438,149,174,401,520
452,218,152,395,525
466,255,138,396,520
478,281,141,369,526
495,284,153,367,530
516,279,181,380,525
519,256,194,404,517
521,231,211,413,518
516,197,234,424,513
510,179,230,432,502
513,182,237,432,493
519,197,247,434,491
525,204,254,443,480
525,202,259,450,467
517,206,266,446,454
496,209,267,450,449
479,231,272,454,453
455,229,264,462,456
435,240,267,461,459
435,260,266,454,459
428,263,253,437,460
418,253,246,437,460
436,245,238,436,465
483,228,229,435,469
507,204,232,440,466
513,203,243,451,467
506,217,251,470,474
500,226,261,467,475
495,242,262,461,484
497,246,261,454,487
497,269,267,461,488
491,273,266,470,491
487,279,270,474,491
484,281,269,472,488
450,284,268,474,491
413,265,263,468,499
380,261,259,456,503
344,245,251,441,508
324,231,242,442,512
303,231,251,447,512
305,236,250,448,513
309,239,259,450,513
311,247,260,453,512
316,256,258,454,513
290,261,251,455,513
258,249,240,448,510
240,236,247,446,509
226,221,242,448,510
231,214,237,449,509
252,205,235,441,507
272,200,228,442,508
295,200,226,446,506
296,211,233,451,503
293,219,236,458,503
295,223,240,461,504
308,224,239,463,506
322,229,236,471,506
329,225,230,481,506
323,223,222,484,506
314,223,224,487,504
306,227,223,491,507
299,235,223,490,508
300,236,223,491,508
295,232,225,494,507
298,237,223,497,506
303,241,224,498,505
307,232,219,503,504
301,221,218,504,505
299,225,217,508,504
305,230,219,511,506
312,237,216,510,506
317,237,213,512,510
327,240,210,508,510
339,250,209,508,511
348,262,213,509,509
354,270,219,508,511
351,280,224,508,510
345,288,237,510,512
339,290,242,512,510
334,296,243,515,510
325,297,247,516,512
322,299,244,517,510
323,311,248,515,514
331,345,255,512,519
348,413,256,508,524
365,462,259,503,520
381,514,258,499,514
394,517,255,494,509
390,491,253,490,504
378,432,246,485,489
353,356,235,484,488
337,222,218,477,489
316,87,208,476,494
320,0,207,477,504
311,0,202,476,519
267,0,198,479,527
255,0,184,483,527
253,10,167,486,533
239,171,166,486,538
239,251,169,490,541
234,273,189,499,545
241,265,187,505,548
234,246,194,511,549
216,225,199,515,551
236,212,218,519,546
276,204,252,516,536
312,223,257,521,527
337,224,249,525,525
361,210,236,525,523
365,174,227,522,524
359,150,224,522,526
344,151,227,522,528
315,161,229,522,532
297,170,233,519,535
299,197,241,521,536
328,234,243,519,538
341,251,244,521,536
345,256,247,520,535
342,258,239,520,534
327,256,242,519,533
313,258,245,524,532
306,258,250,524,531
308,261,248,525,529
313,265,240,530,527
311,267,236,534,523
304,270,237,535,523
287,264,239,538,521
240,265,240,532,521
199,265,243,526,521
204,266,247,522,520
241,264,259,523,518
267,260,276,521,512
282,251,281,523,513
278,244,276,528,513
263,239,279,532,512
242,233,282,536,511
235,227,288,537,511
241,231,291,539,511
250,243,296,538,510
241,248,298,541,510
226,250,298,540,511
219,251,299,536,510
209,253,301,531,509
214,262,305,534,508
239,264,303,534,504
249,267,303,535,503
248,268,305,533,500
212,259,305,533,497
189,231,305,536,493
178,199,307,531,491
175,173,305,525,487
183,167,307,538,486
198,173,308,542,490
199,184,308,547,493
217,198,310,548,496
226,206,310,546,498
233,207,305,546,498
219,210,305,548,501
217,220,306,548,503
223,246,306,545,505
246,279,308,546,507
269,311,308,547,513
284,343,308,545,517
290,395,311,550,518
302,435,317,552,516
316,484,315,552,510
318,498,315,550,508
297,486,313,540,510
280,433,297,532,509
285,341,284,524,497
282,222,255,517,496
295,43,245,518,494
310,0,238,518,498
343,0,239,520,498
372,0,233,517,501
402,0,192,510,492
416,0,149,460,471
430,0,93,400,462
435,7,78,349,457
438,124,81,336,457
427,193,96,339,456
430,217,96,357,462
443,217,98,387,463
455,205,101,411,462
463,191,105,428,455
471,193,121,449,449
481,200,129,465,442
504,211,131,478,435
523,232,156,482,433
541,245,163,487,425
555,259,152,483,419
562,263,127,485,403
557,271,126,490,399
559,270,129,493,398
562,276,134,503,399
561,277,142,510,402
555,280,145,523,401
556,276,144,524,401
565,272,134,522,396
584,265,126,522,387
590,269,121,524,386
592,280,128,526,381
596,297,137,530,375
602,314,138,528,377
601,326,144,528,381
600,333,150,530,381
588,334,156,528,385
575,330,163,519,383
558,327,170,513,384
565,322,180,518,383
584,323,182,524,377
597,309,184,536,368
607,304,187,551,364
617,289,196,561,364
626,288,199,560,360
629,284,198,568,363
625,283,203,571,365
623,284,209,573,368
621,292,218,573,369
622,297,222,574,372
625,291,216,572,374
627,286,199,572,375
626,282,199,571,378
617,284,204,570,379
609,298,212,570,382
598,308,224,568,386
591,321,222,565,386
590,339,226,563,389
592,374,226,560,394
597,412,228,560,393
604,468,235,561,391
612,501,225,559,381
615,504,209,557,380
615,495,206,553,379
609,422,197,551,378
601,324,161,546,375
570,232,102,539,370
526,48,59,532,376
483,0,16,524,391
432,0,29,508,406
406,0,38,516,423
391,0,53,516,441
373,0,54,516,458
356,0,51,512,469
332,48,72,512,475
332,201,89,508,477
357,258,111,517,479
390,274,135,525,481
422,278,138,530,486
446,260,134,532,496
451,237,137,533,497
439,215,136,532,501
418,205,138,532,501
390,201,139,531,502
383,208,141,530,504
393,242,141,528,511
431,272,148,525,517
474,297,147,530,517
496,313,152,533,514
496,327,157,534,515
468,317,158,519,516
432,302,150,510,511
414,291,151,517,512
393,285,160,520,513
363,283,151,523,512
319,288,151,526,519
286,288,150,528,521
271,284,142,527,521
288,280,149,528,524
336,270,163,533,525
377,270,164,536,519
391,263,168,536,514
394,261,170,540,511
393,261,168,540,513
393,252,168,539,519
394,253,174,540,526
396,258,182,541,531
385,264,185,541,532
356,271,185,543,533
338,277,195,546,529
334,287,201,547,531
329,293,208,545,531
322,305,219,545,527
318,314,224,543,525
316,313,226,544,528
298,311,231,544,524
277,302,237,546,524
270,288,233,545,519
280,283,226,551,511
291,286,223,555,507
312,292,221,560,507
344,306,226,562,507
376,328,223,562,510
388,336,233,560,515
387,366,241,560,518
369,401,248,557,515
360,422,254,551,512
354,453,256,549,508
351,487,256,543,504
363,517,254,529,499
353,513,250,522,494
332,495,250,514,492
322,421,230,508,486
315,314,179,495,464
301,141,179,481,459
301,0,169,473,455
314,0,161,476,448
342,0,166,473,451
361,0,149,437,448
379,0,96,400,433
400,0,62,360,414
426,0,53,345,410
434,5,65,361,406
459,174,149,413,409
484,221,191,458,408
506,230,244,488,405
502,226,260,510,404
498,209,270,522,403
496,193,266,528,405
502,175,253,532,408
525,176,241,538,397
547,186,224,543,383
563,192,205,548,362
566,203,202,549,342
565,251,191,550,337
569,271,215,552,322
572,276,216,555,321
578,273,218,556,320
584,270,207,554,298
586,269,195,552,278
586,260,178,556,274
584,243,189,558,265
579,221,203,563,272
571,224,213,566,277
566,239,219,569,293
561,256,224,568,300
554,263,220,568,309
546,250,226,567,312
530,217,217,566,317
505,195,210,564,318
461,188,208,564,320
439,188,204,560,323
415,187,202,560,328
382,188,193,559,343
373,165,189,556,372
354,122,171,548,388
330,109,168,537,393
305,99,166,526,398
267,88,160,529,400
248,111,167,526,403
241,124,165,533,406
252,137,167,530,408
270,136,167,533,411
292,134,171,538,417
308,149,176,546,432
311,153,182,546,442
307,153,185,546,446
291,142,183,545,454
266,139,181,547,457
252,144,185,548,452
242,142,186,554,454
235,142,179,552,457
227,140,185,556,457
211,122,178,552,457
171,91,180,556,457
150,67,179,556,453
132,56,174,557,456
123,61,174,557,460
137,96,172,554,461
171,106,170,552,469
207,154,169,554,478
220,177,168,554,483
232,182,174,556,486
235,185,175,558,487
231,188,177,562,487
230,193,186,564,488
231,190,189,564,487
245,227,191,564,494
272,327,201,563,499
306,444,213,565,506
339,525,217,564,495
372,547,218,559,479
387,553,205,558,474
388,526,191,559,470
371,476,150,559,465
352,413,98,558,469
314,309,109,558,467
298,190,110,559,473
299,2,119,555,482
295,0,116,551,490
283,0,117,541,502
261,0,113,523,509
262,0,97,534,514
262,20,95,531,519
272,158,89,527,525
287,225,96,530,527
293,249,112,545,539
283,200,94,558,543
264,158,107,568,550
240,105,103,575,555
219,98,127,577,556
224,125,134,578,558
242,167,140,576,559
254,192,139,568,559
262,197,135,557,558
262,187,131,549,555
262,166,110,540,558
273,166,110,547,565
283,179,111,551,570
307,202,125,559,570
339,238,136,562,572
384,255,133,563,573
409,253,134,568,568
420,242,128,568,566
417,222,128,559,562
410,210,129,543,563
414,205,139,534,565
422,218,136,531,570
424,232,148,537,571
415,230,164,542,570
396,167,171,544,569
377,159,168,543,568
362,147,172,531,573
352,155,179,525,577
358,172,187,524,580
363,208,195,527,582
362,227,204,527,586
357,235,187,521,587
345,229,175,516,586
338,166,172,514,588
337,43,173,509,586
332,30,178,514,590
344,38,185,518,591
360,87,187,519,593
374,154,187,525,593
389,203,188,530,593
399,226,192,532,593
402,222,195,534,592
405,200,190,532,593
408,176,189,530,591
407,179,191,529,592
409,192,195,527,590
409,209,199,529,590
410,241,200,530,591
401,260,202,531,591
396,288,204,527,593
395,336,213,526,594
392,423,237,526,597
394,492,246,525,598
397,551,246,526,596
392,563,226,526,592
379,555,207,518,591
371,502,168,513,582
365,427,155,510,577
358,287,142,518,565
355,112,159,522,563
358,0,166,525,550
366,0,169,525,545
407,0,171,527,539
441,0,146,497,532
454,68,126,460,523
464,208,125,449,511
459,275,131,445,511
459,306,163,455,508
451,300,173,468,508
434,276,194,486,508
419,233,205,496,508
401,213,181,509,509
393,201,162,517,507
392,197,156,523,500
397,217,156,532,498
408,227,165,540,495
419,221,170,543,488
423,209,169,548,481
422,199,176,548,478
417,198,176,551,474
404,195,169,555,476
378,193,180,553,475
349,210,185,555,477
345,214,190,558,480
363,219,185,556,479
393,223,178,557,479
422,214,173,555,474
437,212,171,556,465
440,201,176,560,458
432,198,176,562,459
410,197,177,563,461
384,196,172,563,463
360,192,169,561,471
332,183,165,559,476
288,167,160,558,480
260,168,155,556,488
239,159,146,546,495
206,156,146,536,501
182,142,145,525,508
182,123,141,517,515
195,89,141,501,520
208,84,142,499,522
215,101,147,506,526
225,143,156,511,530
236,181,159,517,531
246,204,168,522,533
238,219,175,528,536
236,236,171,530,539
231,227,166,530,542
212,213,159,531,543
213,212,163,535,545
237,234,169,535,551
267,275,181,536,557
288,348,203,537,563
318,399,216,540,564
343,443,222,537,569
359,474,224,540,567
361,495,225,541,567
348,497,199,540,567
320,476,199,541,567
291,411,185,541,565
294,318,171,536,556
308,153,159,520,553
337,0,132,509,553
340,0,128,510,552
342,0,125,493,550
346,0,118,483,549
356,0,118,479,545
361,0,123,474,546
366,105,121,442,544
353,213,136,427,546
352,266,135,430,541
360,262,146,435,546
374,265,152,439,550
379,266,148,445,543
353,269,155,455,540
330,281,164,448,539
302,287,165,422,538
280,272,166,401,540
244,268,169,407,542
208,276,178,411,546
158,285,182,405,552
139,287,184,395,559
126,285,181,392,561
121,277,181,393,562
134,282,184,401,564
158,292,187,413,564
147,304,193,427,563
121,308,199,433,554
106,309,206,445,544
66,292,210,452,545
28,255,197,458,546
0,209,194,461,549
0,217,192,467,553
0,225,195,468,556
0,243,195,467,558
0,248,197,475,557
0,232,200,479,558
0,218,196,486,557
0,206,190,483,556
0,195,188,485,555
0,206,184,485,553
0,216,182,489,550
0,229,178,489,553
0,235,170,491,558
0,247,164,493,560
23,257,168,496,566
35,265,171,497,569
55,260,175,495,571
100,253,178,498,567
113,246,175,509,566
117,236,167,518,568
116,223,161,522,568
116,217,151,521,568
102,219,152,523,568
84,224,163,524,567
75,228,172,525,566
70,228,174,526,564
52,179,181,527,563
58,216,184,529,563
62,245,184,525,563
66,252,183,517,564
75,256,180,517,565
87,249,179,513,564
95,247,181,513,565
118,246,177,519,566
97,246,177,524,565
93,247,172,526,566
79,242,172,529,565
51,251,173,529,565
0,255,173,527,561
0,257,177,528,558
0,259,183,525,555
0,256,179,524,555
0,250,179,523,555
19,242,178,522,556
20,236,176,525,556
0,235,180,526,555
0,238,177,529,556
0,248,182,531,556
0,260,192,537,557
0,267,192,538,558
0,280,193,536,560
20,309,198,533,566
31,346,208,536,573
33,385,215,535,574
42,420,224,534,568
43,438,224,530,566
37,454,225,518,565
31,457,221,493,564
0,417,205,478,561
0,285,183,469,558
0,64,171,471,547
0,0,144,478,537
0,0,167,488,531
33,0,191,498,536
72,139,200,499,538
104,312,214,500,544
126,412,227,500,546
154,480,237,503,546
160,519,243,487,551
164,532,242,462,554
167,509,243,444,551
140,445,243,425,550
76,240,240,417,538
82,0,231,435,518
108,0,250,449,516
145,0,250,466,520
179,28,255,469,528
216,147,251,468,537
234,253,237,461,545
238,342,230,451,550
244,389,225,443,554
240,408,202,432,553
229,404,193,438,552
211,390,197,438,550
161,372,198,434,552
123,333,208,436,551
51,300,219,439,548
42,291,222,451,537
43,290,226,457,526
65,310,218,462,517
102,322,222,447,508
114,341,236,440,492
113,343,241,425,481
141,336,231,429,467
173,323,226,449,458
223,307,243,461,451
273,297,244,476,452
306,297,232,482,456
316,283,250,489,455
322,270,246,499,461
319,266,253,508,470
316,265,262,511,478
318,267,266,513,485
320,273,264,513,487
326,274,262,516,489
330,273,253,523,484
331,270,256,526,482
327,273,264,526,484
332,271,279,529,481
336,266,285,531,476
336,264,283,534,476
337,256,271,534,482
351,254,257,527,486
373,260,247,523,494
396,266,246,513,497
417,270,251,513,494
433,275,240,514,480
445,278,237,510,462
450,278,240,508,448
445,276,241,505,436
435,280,248,503,431
434,282,255,501,428
450,284,259,510,425
465,292,265,526,411
474,291,287,534,406
481,294,288,539,366
487,298,288,543,365
496,302,292,545,366
505,304,287,546,380
513,303,288,549,380
514,303,289,549,381
521,309,290,551,366
531,310,287,551,346
542,311,272,550,331
550,333,265,550,315
549,337,265,554,298
553,336,270,551,300
558,340,269,553,308
560,342,273,555,309
560,349,276,556,308
565,349,273,556,297
579,348,270,556,286
588,348,264,555,272
593,346,258,552,265
595,342,256,552,262
597,346,255,556,265
602,346,261,562,265
601,349,265,566,266
599,359,264,569,269
605,366,267,569,267
624,361,258,567,258
634,363,242,567,242
641,367,236,569,244
641,366,240,569,240
633,373,246,568,239
625,377,260,565,239
627,387,264,563,243
632,388,268,555,245
638,390,273,559,242
641,390,270,562,242
639,390,266,565,231
639,388,260,562,223
644,387,247,559,223
647,386,242,554,231
649,378,240,554,230
649,374,236,553,239
648,372,242,555,238
644,372,253,558,236
641,379,264,556,234
644,380,268,553,229
645,383,271,551,233
649,387,271,550,242
652,388,273,550,249
654,394,273,551,254
657,413,281,553,261
657,437,292,558,262
657,471,303,559,246
657,490,300,558,233
657,497,292,553,234
657,465,284,551,230
656,411,223,546,231
651,323,171,547,224
651,244,152,553,225
654,79,122,556,234
655,0,93,556,257
656,0,109,550,296
657,0,121,540,311
656,0,126,527,327
652,0,119,520,341
644,0,118,494,353
626,154,120,469,377
610,249,155,451,404
587,290,186,457,422
553,299,182,469,448
522,276,184,492,463
515,270,193,507,480
523,298,189,520,485
543,317,195,526,484
554,325,204,529,481
559,323,213,522,480
559,320,218,513,482
555,310,223,484,485
549,312,227,462,492
545,320,244,454,497
545,333,252,461,507
548,346,256,475,508
551,355,257,487,505
549,356,256,499,499
539,342,248,505,490
516,332,237,511,484
483,308,243,516,470
452,304,244,523,466
421,308,245,521,463
408,300,233,522,467
406,306,232,517,477
404,319,236,521,486
389,334,241,520,490
385,345,256,516,493
387,362,262,523,495
393,371,262,532,499
400,373,263,543,500
403,377,262,548,497
406,376,259,549,502
410,374,257,550,503
407,377,262,551,504
399,375,265,553,508
382,374,269,556,510
362,374,271,558,512
367,361,273,560,513
390,377,276,562,515
417,394,276,559,521
432,411,273,555,528
439,432,277,555,530
442,466,285,557,530
437,496,287,555,524
429,499,292,556,523
418,506,292,556,520
406,511,295,552,519
392,518,289,544,518
375,502,284,531,517
343,425,274,519,509
301,274,252,512,503
236,99,218,507,499
164,0,214,512,490
121,0,221,514,492
129,0,226,505,494
171,0,234,500,492
239,0,226,492,484
314,0,222,502,481
374,0,231,510,476
399,136,235,520,468
407,229,263,532,465
413,278,277,536,463
396,269,281,548,469
400,278,309,554,474
424,273,313,558,470
451,265,315,566,464
477,250,306,570,459
492,233,299,574,459
497,231,293,579,456
500,219,291,581,451
500,220,292,579,452
498,228,293,579,451
499,239,296,579,452
502,247,291,579,450
504,255,285,577,444
510,262,280,575,445
519,273,277,572,445
528,283,277,575,437
532,284,284,574,435
536,289,277,578,422
542,287,295,584,397
542,299,306,589,381
539,296,320,590,368
534,300,316,588,362
528,309,317,588,358
519,314,315,591,358
510,318,314,595,359
503,318,305,600,360
498,312,302,598,358
496,307,301,599,365
499,306,296,600,365
502,310,292,602,366
504,311,292,603,364
506,322,294,605,365
506,325,294,606,369
504,328,293,608,376
496,326,294,609,379
486,328,301,610,378
494,325,302,610,375
502,320,296,609,369
505,318,284,610,364
508,319,283,613,356
510,319,284,615,361
515,320,284,615,367
514,322,287,616,371
515,323,286,616,370
515,321,290,613,369
512,318,287,609,369
509,314,286,609,373
507,321,283,608,386
507,338,284,607,399
510,388,291,606,393
518,456,299,609,381
523,478,299,609,380
530,489,294,604,383
532,472,277,600,389
533,429,256,596,388
528,397,209,585,379
527,324,204,579,366
524,265,210,578,376
522,169,212,578,383
520,61,211,570,399
518,13,205,557,408
520,29,190,540,417
524,83,176,530,419
535,162,162,520,421
553,195,168,516,432
574,256,159,518,452
583,284,182,503,465
575,281,185,487,483
562,248,180,485,499
549,229,162,497,495
541,215,166,509,491
543,220,168,527,491
557,233,171,540,488
568,251,178,538,482
575,263,182,542,481
578,265,190,541,480
577,271,198,541,481
568,277,206,536,483
553,291,210,532,491
555,296,210,532,494
560,304,206,530,499
571,291,201,536,504
580,272,200,550,506
588,266,206,559,504
598,271,207,567,499
612,289,214,569,494
625,302,215,560,482
632,305,208,545,472
633,302,187,539,463
632,303,172,531,461
628,294,176,531,452
625,295,180,533,436
615,286,173,532,432
598,268,175,537,422
583,277,177,540,413
574,289,192,536,414
581,293,203,539,415
590,300,209,537,418
587,301,205,537,418
585,309,207,541,431
590,302,206,540,441
596,304,208,539,451
600,310,212,543,460
593,316,225,546,468
585,320,231,548,471
586,338,245,549,467
591,378,259,554,462
591,410,264,556,458
593,445,265,557,457
592,458,261,557,465
592,464,249,555,466
595,468,246,551,480
602,469,251,554,485
602,463,258,558,488
599,453,271,559,490
597,440,275,558,489
589,433,280,556,491
585,432,284,553,491
582,436,284,549,495
572,438,278,545,496
555,449,279,542,496
542,460,283,540,498
539,477,289,538,497
546,520,289,536,491
548,537,287,538,483
550,528,288,536,478
552,529,285,534,468
552,494,280,531,465
539,428,242,532,462
516,336,219,535,451
469,255,202,536,449
437,50,201,537,449
392,0,204,529,455
330,0,209,505,452
296,0,207,476,452
286,0,202,444,456
284,0,201,430,462
284,114,191,412,462
293,252,211,422,462
313,288,231,474,469
330,316,270,498,475
315,287,276,516,482
301,288,275,524,479
294,258,266,536,475
295,247,282,547,472
291,250,291,551,468
286,240,290,562,468
280,214,287,570,462
268,199,288,573,462
265,212,286,578,465
266,243,284,582,468
261,244,291,590,466
253,249,291,591,461
255,247,286,595,464
245,237,283,594,464
237,235,283,595,470
242,243,296,598,474
253,249,297,605,476
268,258,292,610,472
276,269,304,614,468
283,273,297,617,470
279,278,292,619,468
272,282,291,622,469
267,286,293,624,469
264,290,290,625,470
257,291,287,627,472
260,295,287,628,470
261,302,289,630,470
263,302,291,630,472
262,301,290,628,473
249,298,289,623,475
244,297,286,623,479
245,301,287,626,480
247,304,285,627,481
247,305,287,629,484
246,306,283,630,484
251,309,283,631,487
258,306,279,631,490
270,306,279,630,492
276,311,280,629,488
278,317,290,630,492
277,327,294,629,489
280,326,296,628,490
276,328,299,626,489
269,331,301,624,491
270,333,305,619,491
276,338,304,615,495
279,359,304,614,495
281,383,307,615,497
282,392,311,617,494
278,394,313,619,488
286,392,300,614,483
293,371,292,612,477
297,367,291,611,476
305,353,289,608,473
312,336,287,609,475
309,326,291,608,476
303,330,298,612,474
303,337,302,614,477
310,367,311,615,478
316,409,317,618,481
326,446,320,621,479
344,498,313,623,475
351,513,299,621,473
354,506,287,617,472
353,470,271,609,465
345,414,239,599,450
332,327,229,580,442
326,222,222,564,431
345,65,216,558,435
380,0,212,552,447
445,0,191,552,454
490,0,152,541,454
528,0,103,533,452
537,0,80,475,445
520,126,86,391,449
523,249,101,331,441
526,282,99,297,445
526,272,101,302,466
520,279,105,334,479
530,271,143,384,487
550,279,150,429,489
570,289,165,459,484
584,302,175,476,476
600,310,178,481,474
605,314,168,470,473
606,319,167,460,475
606,314,161,455,474
606,313,159,462,475
610,316,163,493,473
612,317,168,507,464
615,315,180,520,454
615,312,184,530,442
617,295,190,536,436
620,280,191,540,432
625,278,188,538,433
631,288,188,547,430
638,303,196,555,423
649,312,200,564,411
656,328,201,567,400
660,334,196,565,393
665,338,182,558,387
671,333,177,556,383
676,325,176,556,378
677,314,179,554,372
684,319,193,555,365
690,324,217,552,357
694,342,232,550,347
697,348,242,550,341
700,348,250,550,335
700,348,246,550,341
701,350,244,549,341
702,354,247,550,343
702,362,256,554,339
700,374,266,557,329
697,380,269,557,327
694,390,271,549,324
687,389,271,544,324
678,387,274,540,326
673,389,274,539,326
673,389,274,538,327
676,391,275,540,326
680,388,276,540,326
681,387,278,540,324
681,389,282,540,331
676,425,288,541,340
672,501,301,542,328
666,527,299,536,316
662,567,294,535,300
658,580,288,536,297
652,562,279,536,296
648,482,246,540,294
642,424,203,543,289
629,349,192,546,294
611,259,189,548,300
595,181,193,545,312
571,118,185,545,332
546,55,189,542,341
516,36,192,528,352
474,74,198,502,359
439,154,193,473,363
418,236,193,446,376
395,286,199,462,381
391,309,198,495,384
378,314,217,512,388
358,303,208,527,388
322,295,201,538,398
286,285,207,540,403
260,289,213,540,407
245,286,225,546,415
239,280,232,555,416
223,257,236,559,420
214,233,246,563,426
221,231,248,567,420
228,215,242,571,414
238,224,252,572,412
251,225,261,574,410
268,237,265,577,412
281,245,258,579,414
285,240,252,581,417
269,220,246,580,418
246,208,244,575,422
247,200,241,578,426
250,216,249,581,422
275,226,257,585,420
301,256,269,591,410
317,270,281,595,401
330,267,300,601,393
336,261,300,601,385
332,262,297,600,383
327,261,300,599,384
340,269,304,602,386
362,274,303,603,387
372,276,321,608,377
374,280,320,611,365
360,277,320,611,366
339,270,323,611,364
324,269,325,597,366
314,261,335,594,363
297,244,335,593,356
280,242,340,592,359
253,243,349,589,358
244,246,356,587,352
260,255,361,582,350
261,255,360,584,353
259,261,358,586,359
266,267,361,589,363
262,272,359,593,362
257,274,362,595,363
259,291,361,597,367
277,307,362,594,369
302,326,362,591,374
333,385,359,586,374
365,471,362,587,370
397,516,359,586,364
419,526,349,584,352
420,513,342,581,356
413,476,329,573,358
398,430,279,569,354
384,343,260,559,352
383,268,248,550,350
394,193,241,551,351
419,167,242,546,352
449,120,230,544,351
466,104,219,539,355
483,117,194,514,353
499,198,166,482,355
519,244,135,460,351
528,262,132,377,346
533,280,94,294,346
533,230,85,242,355
529,199,87,261,361
516,179,92,294,374
512,162,97,330,390
526,174,133,368,388
541,187,145,382,387
548,206,146,387,389
552,208,148,379,389
546,181,130,366,393
539,169,132,362,390
549,151,127,388,396
560,144,145,411,402
568,166,150,441,404
570,179,168,467,399
566,187,179,488,400
570,194,187,500,401
579,188,192,506,401
587,190,196,512,398
590,193,199,520,398
597,186,196,526,400
603,193,202,531,400
610,211,221,542,397
609,234,236,549,402
607,265,250,559,402
609,289,257,566,400
619,305,262,567,388
636,300,262,563,382
646,270,253,566,377
647,267,242,559,361
641,244,234,557,355
627,227,263,555,351
625,221,260,540,351
628,233,264,536,352
627,242,265,534,353
629,237,264,534,352
628,217,245,535,353
623,208,243,539,355
611,208,235,545,354
604,212,238,551,351
602,212,240,555,351
593,213,244,557,350
590,208,248,558,350
591,209,258,558,347
595,218,257,559,344
598,227,259,556,342
597,231,257,556,342
596,229,259,554,339
592,210,257,555,342
593,188,250,557,346
594,172,244,556,347
595,163,250,557,348
597,169,255,563,347
599,179,261,565,358
603,194,263,565,356
606,205,259,561,359
608,218,258,561,355
609,222,262,556,353
609,224,262,556,350
608,223,260,561,351
603,227,262,565,353
601,246,269,561,357
605,282,274,557,356
607,348,282,553,351
611,384,280,550,344
617,411,280,554,338
619,432,281,553,344
620,447,282,553,348
622,484,285,560,337
624,500,292,562,336
625,498,284,565,338
619,461,279,565,341
614,387,265,569,339
607,311,243,573,330
603,125,220,573,337
598,0,192,571,341
588,0,189,572,351
577,0,189,572,353
563,0,188,572,358
553,0,189,561,362
527,0,186,555,371
521,0,173,570,373
518,0,186,567,377
509,138,212,555,382
486,226,229,557,383
438,279,232,557,388
387,291,227,563,396
355,284,221,571,402
377,274,215,576,402
388,253,220,580,402
391,252,228,583,397
383,242,226,586,393
376,235,220,583,392
374,219,217,579,392
353,215,218,570,390
330,233,226,563,388
322,241,231,559,393
340,251,225,556,400
364,255,221,549,408
380,269,218,545,407
393,282,219,542,403
404,299,224,539,405
407,306,228,533,407
401,317,232,518,411
384,321,238,503,417
375,324,240,485,419
370,320,238,472,418
362,326,239,469,416
342,334,239,464,412
321,339,240,464,407
302,339,243,460,410
295,332,243,462,410
292,328,244,461,411
288,321,245,460,412
282,319,251,461,416
274,315,257,462,418
265,318,260,462,424
262,319,261,459,433
258,316,259,451,441
255,314,258,451,444
254,311,258,450,446
252,308,254,450,450
252,309,257,448,453
247,305,260,450,455
242,303,262,451,456
236,306,265,453,458
222,304,267,452,461
195,304,270,459,459
188,300,271,459,464
178,301,273,459,467
176,303,274,458,466
177,311,275,453,466
183,312,276,441,466
188,314,270,438,467
182,309,271,434,463
181,287,267,433,461
175,279,266,429,458
171,267,260,426,457
176,267,258,421,459
176,269,258,421,459
174,268,262,422,462
162,273,261,426,465
157,277,260,426,465
160,286,259,428,467
176,281,256,431,466
193,277,249,429,466
205,271,243,428,464
216,274,244,426,464
224,272,240,425,463
222,275,239,425,464
216,270,238,423,465
209,267,237,422,467
207,271,239,423,469
209,273,237,424,470
210,278,238,425,471
209,284,238,425,472
206,285,238,429,471
207,283,241,436,472
208,283,241,439,473
210,282,246,438,474
213,279,244,434,475
216,275,244,431,476
221,272,244,430,476
228,276,245,432,476
231,283,247,436,475
232,284,249,439,476
232,288,249,441,475
233,292,250,441,475
232,292,250,440,476
235,293,250,437,476
231,291,244,436,476
240,290,243,436,476
245,293,249,436,476
247,294,251,439,477
249,295,255,441,477
250,297,257,442,475
250,297,259,444,476
247,304,260,445,476
242,308,260,445,478
240,310,259,444,479
236,309,260,445,481
230,309,260,445,481
227,311,262,442,482
239,312,264,440,482
252,313,267,434,483
259,315,267,428,481
269,315,266,428,479
273,315,266,425,476
275,317,266,425,477
271,318,267,426,476
263,321,269,429,478
254,321,270,429,477
250,324,271,431,478
