F1,F2,F3,F4,F5
362,196,383,723,0
365,198,382,723,0
367,198,382,722,0
371,201,383,722,0
375,202,384,722,0
377,202,385,722,0
378,202,386,722,0
378,202,386,723,0
379,203,387,723,0
380,202,388,722,0
379,199,388,722,0
379,198,388,722,0
378,201,387,722,0
378,205,386,723,0
376,201,386,723,0
372,203,387,722,0
370,204,387,722,0
370,206,387,722,0
371,208,387,722,0
372,207,388,723,0
376,205,389,722,0
379,217,388,722,0
383,226,388,721,0
391,274,387,720,0
388,318,387,720,0
390,368,387,720,0
392,394,386,720,0
390,404,387,721,0
398,440,388,721,0
394,467,385,721,0
387,486,387,722,0
380,504,383,722,0
372,513,379,721,0
365,497,375,722,0
356,440,380,722,0
343,350,387,723,0
331,250,389,725,0
341,176,394,725,0
347,135,395,724,0
375,76,397,722,0
396,72,400,720,0
408,74,400,718,0
415,107,402,717,0
422,154,397,717,0
428,207,394,719,0
431,241,390,722,0
433,235,386,722,0
435,218,383,723,0
435,203,378,724,0
428,194,373,724,0
417,193,370,725,0
409,193,370,727,0
426,203,380,728,0
452,210,381,723,0
482,221,387,720,0
502,224,385,720,0
512,211,384,721,0
519,202,389,726,0
517,181,397,728,0
522,173,390,730,0
535,150,375,733,0
554,167,369,737,0
561,178,352,739,0
564,196,336,739,0
559,208,340,740,0
553,218,337,741,0
543,222,331,742,0
541,234,325,741,0
546,239,320,740,0
548,244,324,738,0
556,243,336,735,0
576,237,347,736,0
613,240,367,741,0
634,237,371,748,0
643,216,370,754,0
638,191,356,758,0
640,167,359,758,0
642,150,368,756,0
644,153,376,755,0
644,158,380,757,0
643,161,375,760,0
645,166,368,761,0
646,173,370,761,0
649,175,374,761,0
643,181,376,761,0
640,188,377,762,0
631,190,375,761,0
626,194,374,761,0
628,189,377,760,0
633,200,382,761,0
629,199,385,762,0
626,193,391,761,0
625,196,396,761,0
620,188,396,762,0
608,178,393,764,0
594,165,384,766,0
578,156,380,767,0
563,157,377,765,0
558,175,378,762,0
556,195,386,758,0
553,256,397,757,0
552,339,406,754,0
555,407,410,755,0
562,443,412,758,0
560,471,409,759,0
549,468,396,760,0
535,413,385,761,0
494,272,399,761,0
452,102,402,758,0
425,0,405,756,0
409,0,397,757,0
417,0,380,756,0
424,0,367,756,0
445,0,373,761,0
455,0,377,768,0
470,0,387,768,0
475,13,399,770,0
475,132,408,775,0
476,180,398,776,0
475,210,381,775,0
484,193,373,772,0
497,147,371,765,0
509,100,373,761,0
509,57,375,764,0
514,51,369,767,0
523,61,363,768,0
529,85,360,767,0
536,141,346,767,0
540,159,334,766,0
540,159,330,764,0
539,155,325,763,0
539,154,323,759,0
536,151,323,756,0
536,159,321,755,0
537,168,323,753,0
538,180,326,755,0
542,208,326,758,0
543,223,324,759,0
544,224,324,759,0
545,215,326,757,0
544,215,328,755,0
544,218,331,753,0
542,235,332,752,0
540,246,330,752,0
539,249,317,750,0
540,253,315,748,0
545,253,314,748,0
545,249,317,746,0
547,246,323,746,0
548,245,329,747,0
552,246,335,749,0
555,255,337,750,0
556,255,335,751,0
556,237,328,752,0
558,227,323,750,0
558,226,326,747,0
561,234,333,745,0
562,241,335,743,0
563,249,337,740,0
565,255,341,739,0
564,262,340,737,0
563,262,338,736,0
566,266,336,737,0
569,274,340,737,0
575,281,340,736,0
577,283,339,735,0
576,281,343,733,0
576,275,350,733,0
578,336,363,736,0
581,466,369,742,0
584,522,375,746,0
584,574,376,749,0
581,593,368,751,0
578,569,368,751,0
572,484,385,749,0
563,362,376,743,0
554,231,340,737,0
559,148,298,729,0
569,51,257,721,0
578,0,284,704,0
571,0,300,687,0
564,0,302,674,0
548,66,306,661,0
499,142,306,661,0
485,182,308,665,0
459,199,312,677,0
464,179,315,694,0
465,155,315,704,0
467,136,321,712,0
477,95,322,713,0
485,80,329,712,0
485,85,337,714,0
502,100,347,718,0
511,132,358,723,0
523,145,368,729,0
531,141,373,734,0
537,121,375,737,0
539,90,376,742,0
537,71,377,743,0
530,58,376,744,0
529,45,377,744,0
531,49,380,743,0
533,67,383,743,0
536,76,384,745,0
536,80,384,747,0
536,86,387,747,0
538,94,386,748,0
540,96,389,749,0
545,88,392,750,0
551,76,399,750,0
557,67,399,754,0
564,55,401,756,0
570,47,399,758,0
575,52,396,761,0
580,60,397,763,0
580,70,400,765,0
583,75,404,764,0
580,75,405,765,0
577,52,406,766,0
574,50,409,767,0
570,55,411,767,0
560,63,413,767,0
559,90,417,766,0
561,124,422,766,0
560,153,427,765,0
559,166,431,766,0
558,218,431,766,0
558,308,435,768,0
552,385,430,769,0
532,420,417,771,0
514,423,384,772,0
499,365,357,773,0
485,292,337,772,0
477,193,335,772,0
472,51,354,771,0
472,0,361,771,0
479,0,358,767,0
489,0,358,761,0
486,0,379,760,0
488,0,375,761,0
480,0,367,764,0
469,0,365,764,0
460,0,365,764,0
441,0,357,765,0
402,0,352,762,0
362,0,348,758,0
305,0,344,749,0
268,0,334,744,0
250,0,335,739,0
253,0,367,736,0
289,0,368,731,0
338,0,379,729,0
365,0,398,728,0
366,28,392,730,0
360,37,386,730,0
354,41,388,727,0
355,45,387,724,0
372,53,382,722,0
402,55,370,721,0
442,49,362,716,0
464,31,349,711,0
487,41,349,708,0
489,70,347,707,0
489,90,348,708,0
493,95,348,706,0
493,113,349,704,0
492,116,344,700,0
492,121,338,698,0
489,114,337,696,0
498,118,326,694,0
496,126,313,684,0
493,150,314,678,0
496,178,314,675,0
499,195,313,672,0
498,199,291,672,0
495,165,288,672,0
492,157,292,673,0
491,153,288,675,0
492,150,285,676,0
489,153,286,677,0
492,157,281,676,0
497,174,287,676,0
507,192,300,676,0
512,201,308,678,0
513,226,308,679,0
515,232,313,680,0
516,232,315,678,0
518,235,318,676,0
518,240,322,673,0
517,243,322,669,0
517,254,327,665,0
516,314,342,662,0
513,392,347,661,0
508,448,348,663,0
496,486,349,666,0
493,508,299,669,0
483,494,278,667,0
473,407,270,659,0
464,256,225,643,0
461,140,140,632,0
476,12,196,623,0
494,0,219,614,0
510,0,248,609,0
532,0,282,603,0
518,0,312,601,0
474,0,324,598,0
411,0,320,617,0
382,0,332,628,0
387,0,345,638,0
390,0,345,642,0
408,0,350,648,0
439,0,358,662,0
440,0,362,683,0
454,0,369,693,0
466,0,377,702,0
482,0,383,706,0
493,0,379,707,0
496,29,364,702,0
491,51,362,698,0
485,66,365,695,0
473,73,366,694,0
456,75,368,694,0
438,81,367,695,0
437,101,368,697,0
444,122,373,698,0
459,146,375,701,0
471,162,374,705,0
486,168,363,710,0
493,168,352,713,0
493,168,348,715,0
487,166,355,716,0
490,145,356,715,0
504,125,367,717,0
517,151,377,724,0
535,154,370,729,0
537,159,373,736,0
535,166,373,743,0
528,164,375,747,0
519,159,378,749,0
516,154,374,748,0
501,164,368,745,0
490,178,357,739,0
481,206,354,738,0
487,246,361,738,0
493,294,375,740,0
503,346,386,742,0
509,364,389,744,0
506,369,390,746,0
505,372,391,747,0
496,348,387,746,0
475,289,383,745,0
447,243,379,744,0
416,156,369,742,0
392,54,363,737,0
382,0,361,730,0
371,0,359,720,0
348,0,356,716,0
329,0,342,706,0
291,0,325,703,0
256,0,307,699,0
224,0,292,698,0
253,0,289,693,0
313,0,287,689,0
372,0,270,686,0
411,0,274,688,0
453,0,267,690,0
490,50,269,691,0
497,94,272,694,0
494,124,272,695,0
487,117,273,696,0
482,113,275,694,0
473,110,281,688,0
470,122,280,684,0
464,128,280,680,0
464,131,283,680,0
467,133,288,679,0
467,129,286,675,0
464,142,294,674,0
466,145,292,668,0
462,156,295,666,0
464,170,291,665,0
456,184,290,662,0
452,190,290,660,0
452,190,285,658,0
439,171,285,653,0
435,165,286,643,0
428,164,288,635,0
434,181,291,629,0
438,207,292,631,0
441,245,291,634,0
439,275,294,637,0
440,298,297,636,0
447,315,301,634,0
452,350,304,635,0
455,424,309,639,0
454,508,302,647,0
454,546,303,652,0
448,579,284,658,0
449,586,269,657,0
434,531,259,661,0
410,425,247,658,0
392,323,169,652,0
401,181,174,639,0
425,59,220,631,0
458,0,241,629,0
477,0,259,626,0
488,0,267,627,0
495,23,296,626,0
476,124,337,636,0
434,215,341,638,0
421,243,337,649,0
412,228,333,656,0
396,211,333,666,0
388,200,353,672,0
385,167,356,682,0
362,123,355,692,0
353,127,364,699,0
362,145,375,706,0
380,156,380,712,0
405,155,381,717,0
421,137,377,717,0
426,108,368,718,0
419,91,362,718,0
403,82,359,717,0
399,72,361,716,0
406,72,361,714,0
424,99,367,717,0
445,110,368,721,0
441,119,371,726,0
444,109,375,732,0
437,96,374,734,0
426,73,372,735,0
421,55,368,737,0
427,46,363,735,0
434,46,354,734,0
438,47,348,734,0
437,70,347,735,0
445,135,359,735,0
450,325,373,738,0
449,408,378,743,0
440,465,383,749,0
414,480,355,754,0
384,444,298,755,0
358,363,263,754,0
352,230,257,749,0
363,24,263,744,0
379,0,262,740,0
408,0,252,730,0
430,0,258,724,0
418,0,260,720,0
399,0,236,716,0
386,0,226,710,0
380,0,217,703,0
425,0,187,690,0
483,0,184,680,0
538,0,192,672,0
563,0,193,664,0
569,0,193,665,0
575,0,182,666,0
574,0,177,667,0
569,0,180,668,0
563,0,180,670,0
559,0,181,670,0
552,0,187,667,0
549,0,188,662,0
554,0,195,660,0
564,0,202,659,0
571,34,204,656,0
571,22,203,653,0
568,0,209,650,0
561,0,213,647,0
546,0,213,647,0
535,0,207,649,0
527,0,192,648,0
517,0,188,648,0
511,0,183,643,0
500,0,183,642,0
504,0,190,641,0
511,2,196,640,0
511,0,196,635,0
506,0,175,627,0
496,0,157,614,0
494,0,138,604,0
493,11,157,601,0
495,60,175,605,0
499,126,202,609,0
500,185,215,612,0
501,325,223,617,0
497,422,236,617,0
499,490,246,619,0
500,556,257,624,0
493,572,236,631,0
477,557,230,635,0
459,466,180,637,0
450,366,162,634,0
454,195,196,625,0
469,0,208,622,0
485,0,223,626,0
507,0,243,636,0
532,0,262,642,0
530,0,273,643,0
537,76,303,656,0
543,132,328,670,0
528,104,340,676,0
517,45,352,677,0
457,0,362,672,0
414,0,375,669,0
350,0,376,674,0
309,0,379,676,0
309,0,368,677,0
338,0,370,682,0
344,0,373,690,0
346,0,376,695,0
351,0,371,699,0
355,0,360,701,0
366,0,359,701,0
378,0,361,700,0
404,0,357,700,0
414,0,356,703,0
412,0,344,705,0
397,0,322,708,0
383,0,316,710,0
358,0,318,712,0
346,0,310,712,0
336,0,305,712,0
356,0,303,710,0
376,0,308,709,0
400,0,312,712,0
417,0,310,716,0
420,0,303,718,0
412,0,299,721,0
404,0,303,725,0
392,0,305,728,0
382,0,305,726,0
373,0,310,725,0
387,171,316,725,0
396,276,327,726,0
402,343,331,726,0
413,378,336,727,0
407,400,335,729,0
399,387,311,730,0
379,307,269,729,0
345,186,248,727,0
314,0,251,723,0
330,0,247,718,0
389,0,245,713,0
480,0,229,711,0
521,0,268,713,0
557,0,285,715,0
569,0,304,723,0
569,0,305,731,0
560,0,301,735,0
538,0,273,725,0
510,0,259,717,0
523,0,219,714,0
556,0,213,706,0
587,0,203,702,0
608,0,209,699,0
615,0,209,699,0
616,0,208,699,0
613,0,211,699,0
609,83,218,701,0
593,138,216,706,0
572,178,226,712,0
561,201,225,715,0
561,232,234,715,0
562,234,243,713,0
560,230,249,712,0
562,188,256,710,0
560,142,261,708,0
558,72,265,706,0
555,11,266,707,0
547,0,266,708,0
547,0,261,710,0
548,32,259,713,0
542,50,243,709,0
545,106,225,700,0
549,160,224,695,0
554,183,232,696,0
552,189,235,695,0
554,191,231,695,0
553,195,233,691,0
554,195,234,687,0
551,202,238,686,0
552,207,249,685,0
556,259,262,685,0
558,351,267,686,0
562,437,269,689,0
563,530,274,690,0
566,596,280,691,0
568,646,282,693,0
564,654,279,692,0
551,639,284,692,0
539,580,281,689,0
521,481,277,680,0
510,354,275,680,0
511,229,280,684,0
516,195,288,686,0
522,217,300,687,0
526,250,312,687,0
531,305,328,694,0
530,366,376,700,0
521,360,420,695,0
509,314,426,690,0
462,262,426,685,0
391,178,420,686,0
299,114,422,685,0
282,41,415,682,0
285,121,430,686,0
273,192,430,691,0
294,220,422,698,0
309,240,422,704,0
316,251,416,706,0
327,253,403,706,0
342,251,390,705,0
341,240,384,701,0
349,238,389,698,0
353,237,401,697,0
349,236,406,697,0
355,236,407,698,0
351,237,408,700,0
351,236,405,702,0
346,237,400,704,0
338,244,409,706,0
351,265,423,707,0
365,315,428,709,0
371,318,416,709,0
370,280,386,709,0
372,252,377,711,0
373,234,367,710,0
391,237,370,710,0
407,253,367,712,0
417,272,361,713,0
419,283,357,715,0
406,287,357,720,0
392,297,359,723,0
385,319,367,724,0
380,357,374,725,0
372,384,388,725,0
385,434,397,723,0
399,485,405,724,0
399,523,407,727,0
389,529,405,729,0
370,533,399,730,0
352,528,393,730,0
339,513,378,728,0
321,453,372,722,0
302,393,363,711,0
305,276,360,700,0
312,126,362,688,0
352,55,363,683,0
409,61,368,682,0
468,92,381,684,0
512,176,375,690,0
536,250,359,698,0
541,285,358,703,0
537,267,321,708,0
525,228,306,703,0
525,200,290,698,0
533,167,291,701,0
547,133,295,701,0
586,191,307,706,0
604,221,319,714,0
607,227,304,714,0
605,238,298,719,0
599,248,291,714,0
600,253,290,714,0
594,262,291,710,0
587,260,297,710,0
583,251,300,711,0
586,231,305,711,0
589,226,311,711,0
590,223,315,711,0
592,234,315,711,0
590,236,316,709,0
584,212,317,709,0
579,191,306,708,0
585,181,307,707,0
593,196,317,706,0
602,215,324,709,0
607,261,332,713,0
606,300,335,717,0
602,327,335,717,0
601,377,336,714,0
594,425,333,710,0
591,450,332,709,0
594,471,335,709,0
602,486,333,710,0
605,485,337,711,0
609,486,345,712,0
612,487,355,712,0
613,490,363,711,0
613,496,367,709,0
608,501,370,706,0
603,488,372,703,0
604,486,379,702,0
600,478,382,703,0
598,489,387,704,0
598,501,393,705,0
598,557,402,707,0
594,593,402,708,0
586,606,404,707,0
573,618,397,706,0
561,608,387,705,0
558,564,376,705,0
562,453,373,705,0
563,318,379,705,0
557,127,385,708,0
558,0,395,710,0
557,0,406,713,0
558,0,411,716,0
548,26,416,719,0
522,109,426,725,0
513,181,439,732,0
520,257,451,738,0
529,287,460,746,0
526,301,464,750,0
509,273,484,748,0
473,270,488,746,0
424,263,489,749,0
425,268,487,754,0
450,303,490,756,0
475,328,497,758,0
494,346,500,760,0
505,334,496,762,0
514,317,487,763,0
521,295,481,763,0
524,310,484,764,0
519,318,486,766,0
520,311,483,768,0
526,298,475,768,0
516,273,469,768,0
502,220,468,767,0
481,163,466,766,0
478,135,467,765,0
479,143,468,765,0
487,172,472,766,0
503,216,469,766,0
504,262,465,767,0
514,291,460,767,0
522,296,453,766,0
527,280,446,764,0
518,267,447,765,0
509,283,449,767,0
498,298,452,767,0
486,319,454,767,0
474,345,458,766,0
473,407,463,764,0
484,463,466,759,0
495,524,469,756,0
495,588,470,755,0
489,618,460,756,0
471,613,433,759,0
458,570,408,758,0
447,475,401,757,0
448,343,396,752,0
465,215,401,748,0
493,106,404,741,0
519,33,394,739,0
539,16,391,737,0
553,23,396,734,0
554,60,386,729,0
565,141,381,725,0
567,202,375,721,0
556,236,356,714,0
545,264,348,711,0
545,261,348,705,0
557,242,355,707,0
570,241,358,716,0
578,248,366,720,0
577,251,367,719,0
571,249,366,718,0
563,251,352,716,0
561,251,347,716,0
560,247,346,715,0
561,237,344,713,0
560,243,349,714,0
560,251,350,716,0
570,259,348,719,0
572,265,352,722,0
575,259,355,724,0
574,229,354,724,0
569,175,351,725,0
562,158,350,727,0
555,167,350,730,0
557,177,351,731,0
562,192,352,732,0
564,204,352,731,0
566,217,352,732,0
564,235,353,733,0
562,251,365,733,0
558,282,370,732,0
557,352,378,731,0
554,427,384,731,0
538,477,392,732,0
511,497,398,732,0
492,520,404,732,0
484,514,402,731,0
485,475,396,732,0
483,393,400,733,0
489,307,404,736,0
489,225,403,735,0
486,182,410,734,0
484,130,411,732,0
477,111,410,734,0
460,124,411,736,0
449,172,414,740,0
453,223,416,746,0
470,255,422,750,0
484,278,426,756,0
488,271,435,758,0
466,255,446,757,0
428,239,452,753,0
361,224,453,748,0
346,224,452,746,0
354,238,461,743,0
383,246,464,744,0
404,251,470,745,0
422,244,470,746,0
423,236,465,740,0
431,235,463,739,0
446,236,466,740,0
443,236,469,741,0
444,237,464,738,0
441,233,455,735,0
447,242,445,732,0
459,262,440,731,0
462,273,441,734,0
468,279,441,732,0
471,277,440,731,0
474,275,430,728,0
471,268,430,728,0
467,271,432,728,0
466,276,429,728,0
464,288,430,727,0
473,295,426,727,0
489,307,416,727,0
501,281,406,727,0
504,247,390,726,0
498,213,378,725,0
499,195,388,720,0
494,190,378,717,0
515,205,362,714,0
536,215,344,710,0
545,206,335,712,0
547,203,335,711,0
545,205,339,712,0
544,207,338,711,0
539,211,342,711,0
537,214,334,709,0
544,222,331,708,0
553,244,337,704,0
559,285,346,702,0
559,317,356,701,0
556,368,371,701,0
548,446,378,703,0
535,500,388,707,0
532,537,394,711,0
518,564,401,713,0
507,567,390,714,0
489,528,375,714,0
479,421,373,708,0
464,232,386,699,0
465,1,384,689,0
500,0,383,683,0
532,0,389,681,0
557,0,388,679,0
577,0,387,675,0
588,18,379,675,0
582,131,373,671,0
577,235,378,667,0
555,305,384,666,0
543,316,394,672,0
537,321,400,674,0
531,297,404,680,0
539,253,401,691,0
545,177,383,703,0
538,139,368,703,0
539,139,374,706,0
538,144,383,709,0
533,171,386,705,0
542,190,392,702,0
562,204,400,701,0
572,201,405,701,0
577,198,407,706,0
579,190,410,711,0
580,191,410,714,0
575,183,407,714,0
567,176,404,716,0
556,176,403,718,0
556,200,413,721,0
566,214,416,724,0
566,236,416,726,0
568,250,408,728,0
571,246,387,727,0
581,242,374,726,0
592,238,375,727,0
600,221,373,729,0
605,209,383,730,0
607,213,388,729,0
611,226,386,729,0
616,236,385,730,0
625,245,385,729,0
630,247,377,730,0
632,250,371,729,0
636,249,372,728,0
637,253,383,728,0
639,255,384,729,0
639,230,387,728,0
641,211,390,726,0
644,183,391,727,0
647,172,391,729,0
652,160,395,730,0
657,153,403,733,0
656,141,408,735,0
656,146,416,734,0
656,175,425,732,0
651,194,431,732,0
649,262,432,732,0
645,345,432,734,0
641,413,437,738,0
634,470,440,741,0
625,516,438,742,0
607,521,428,742,0
601,444,395,742,0
603,347,380,733,0
595,156,389,725,0
575,0,399,724,0
559,0,411,728,0
569,0,417,729,0
579,0,419,726,0
581,0,426,726,0
585,0,423,724,0
587,0,417,725,0
584,0,409,727,0
577,0,397,729,0
575,0,386,732,0
578,0,384,732,0
583,0,390,736,0
572,0,402,741,0
562,0,404,745,0
550,0,404,747,0
531,0,399,748,0
522,0,390,748,0
505,0,411,745,0
474,0,441,742,0
448,0,451,739,0
430,0,453,735,0
423,0,451,734,0
426,0,448,731,0
421,0,446,729,0
422,0,447,728,0
421,0,446,730,0
420,0,446,730,0
420,0,438,731,0
418,0,433,732,0
418,0,426,732,0
410,0,423,732,0
393,0,423,730,0
372,0,424,730,0
365,0,427,732,0
372,0,430,733,0
380,0,431,734,0
386,0,429,734,0
396,0,418,733,0
404,0,416,731,0
406,0,414,729,0
398,0,415,727,0
390,0,417,726,0
383,0,422,726,0
374,0,426,726,0
374,0,425,725,0
384,0,423,722,0
385,0,419,721,0
380,0,419,722,0
377,0,414,723,0
381,0,406,723,0
383,0,403,724,0
381,0,405,725,0
388,0,406,726,0
398,0,405,725,0
406,0,406,725,0
410,0,404,726,0
415,0,395,726,0
418,0,395,725,0
419,0,397,726,0
420,0,397,726,0
420,0,396,727,0
416,0,392,727,0
415,0,391,727,0
420,0,393,728,0
423,0,394,728,0
426,0,395,728,0
428,0,392,727,0
430,0,390,727,0
431,0,391,727,0
430,0,394,728,0
431,0,395,728,0
429,0,400,730,0
429,0,401,730,0
431,0,397,730,0
430,0,397,730,0
432,0,391,729,0
435,0,387,728,0
439,0,389,729,0
442,0,390,729,0
443,0,393,730,0
446,0,395,732,0
452,0,397,734,0
456,0,398,735,0
457,0,398,735,0
459,0,399,735,0
458,0,399,734,0
450,0,399,734,0
443,0,401,734,0
443,0,403,735,0
446,0,405,735,0
447,0,405,735,0
447,0,404,736,0
449,0,402,735,0
450,0,401,734,0
449,0,401,733,0
443,0,404,734,0
442,0,405,733,0
448,0,403,734,0
452,0,402,734,0
458,0,401,736,0
466,0,402,737,0
465,0,400,737,0
460,0,401,737,0
455,0,404,737,0
452,0,405,737,0
444,0,405,737,0
443,0,404,737,0
442,0,406,737,0
443,0,406,738,0
447,0,401,738,0
452,0,395,737,0
455,0,392,737,0
453,0,392,737,0
449,0,395,737,0
444,0,396,738,0
437,0,396,738,0
