F1,F2,F3,F4,F5
274,365,329,445,620
279,364,329,446,620
287,361,329,446,620
288,354,327,445,621
288,348,325,446,621
290,348,326,443,621
292,338,326,443,621
292,339,329,444,621
293,343,330,445,621
298,347,330,445,621
300,348,330,446,622
308,347,329,447,622
312,347,328,447,622
316,344,328,447,622
319,344,328,448,621
326,345,329,450,621
330,349,327,450,621
336,340,324,451,620
339,326,323,451,620
340,317,323,452,620
338,316,322,452,621
338,313,323,453,621
339,325,324,454,621
342,342,328,455,621
348,351,330,456,623
361,361,331,456,624
371,400,333,457,626
378,441,333,461,627
380,487,333,460,626
391,499,334,460,628
396,519,332,458,628
396,532,329,457,629
392,531,328,456,630
393,497,322,456,629
396,431,318,455,625
401,356,316,454,619
406,318,310,457,616
415,244,315,459,616
427,176,316,460,615
432,124,314,462,616
439,148,314,462,616
453,187,296,454,616
472,237,279,433,617
486,287,262,426,616
492,313,241,429,616
497,318,217,421,615
501,300,204,396,612
511,281,203,391,612
525,255,208,389,610
528,240,210,384,609
533,212,217,384,605
535,190,220,380,600
532,189,234,380,593
529,190,248,388,592
530,188,256,393,590
533,190,261,399,588
531,193,242,408,584
531,203,240,419,580
522,210,260,433,579
506,240,267,446,578
485,258,268,452,581
453,275,278,451,585
395,279,285,440,586
341,284,289,441,590
313,284,289,446,590
295,280,290,448,592
286,277,284,457,593
284,264,277,461,592
292,258,269,455,592
295,259,264,447,593
312,256,259,444,595
340,264,251,435,596
358,270,250,435,596
363,276,264,446,597
362,283,273,454,597
369,283,279,458,596
377,283,268,458,595
381,282,269,459,590
388,277,272,462,587
392,270,272,470,584
401,271,283,470,582
409,281,284,475,581
414,287,284,476,579
415,291,283,478,580
412,288,284,480,579
401,288,279,482,579
394,288,279,483,578
393,291,279,493,578
393,293,280,499,577
375,298,282,506,578
353,301,282,514,583
325,299,284,511,584
318,281,280,516,585
316,263,277,525,585
320,251,284,529,584
335,250,290,534,584
338,260,291,536,586
343,276,293,538,586
355,290,296,541,587
376,303,298,541,588
386,320,298,544,589
394,341,299,552,590
402,385,304,554,594
417,447,307,556,596
435,473,306,552,596
446,501,301,550,597
450,507,294,548,597
458,477,290,545,597
458,420,287,542,592
458,297,275,541,590
454,115,261,549,590
455,0,255,551,590
445,0,255,551,590
421,0,254,546,590
395,0,253,536,590
370,0,244,535,590
360,0,252,534,586
372,0,234,533,585
378,204,249,535,585
387,283,267,540,587
395,293,273,542,592
404,272,276,548,594
408,262,273,546,595
425,254,275,542,590
436,263,275,543,586
445,272,274,544,582
459,265,271,545,581
464,262,268,542,580
457,250,262,540,581
441,256,268,539,583
419,265,277,540,585
420,270,286,539,586
429,285,284,540,585
445,291,288,545,584
464,292,289,552,584
472,288,287,554,584
481,288,283,556,586
488,288,282,556,587
483,286,285,556,588
477,285,285,556,590
474,290,287,551,592
476,304,287,550,594
478,328,287,551,596
472,348,287,551,597
470,375,288,550,598
471,402,293,551,601
478,448,304,552,606
488,480,311,553,609
502,509,311,557,609
504,523,301,556,610
495,498,294,556,610
485,430,281,558,607
488,283,261,552,601
494,70,219,560,593
524,0,192,562,589
545,0,181,551,580
557,0,181,526,569
576,0,157,480,558
585,0,135,454,554
583,0,100,446,556
563,0,92,461,563
559,0,96,476,572
564,0,121,487,574
573,60,135,506,577
564,75,153,524,578
528,71,164,535,578
515,51,187,540,579
519,7,186,544,583
526,0,184,549,585
533,0,199,554,586
536,0,213,552,587
535,0,220,553,587
536,0,224,551,586
540,26,224,557,585
544,87,224,560,585
539,100,216,562,585
517,81,213,562,586
503,57,201,565,587
499,52,197,571,587
496,44,210,574,585
499,58,221,573,583
498,83,224,571,581
496,111,224,571,579
504,138,224,570,579
523,166,229,568,579
546,193,231,576,574
558,242,236,579,571
564,304,239,581,570
565,405,240,580,571
562,459,242,582,572
562,492,249,574,573
560,516,250,572,573
557,519,248,568,573
559,499,245,562,574
566,455,240,558,574
570,435,231,556,569
572,372,219,554,560
569,317,213,550,555
555,227,197,548,548
539,125,179,546,550
512,48,156,542,550
472,0,131,532,553
452,15,136,528,557
433,118,148,519,563
429,232,168,519,564
427,274,188,522,564
414,282,202,524,571
407,281,194,515,574
406,271,201,516,576
409,273,193,520,580
416,285,195,513,581
424,290,203,509,580
419,278,198,500,580
410,263,190,481,581
413,245,172,471,583
415,238,172,470,585
412,239,177,474,587
388,240,185,475,588
368,250,188,479,587
369,271,188,482,580
385,275,182,482,580
418,279,179,481,577
455,283,175,480,578
474,271,180,487,579
481,260,176,487,580
480,218,166,485,570
477,204,166,480,571
474,209,156,472,570
467,213,155,462,571
455,238,160,458,570
430,255,156,458,575
416,264,160,457,581
420,285,163,458,587
434,298,171,459,592
450,315,173,455,595
464,321,180,451,601
475,345,193,456,602
482,397,211,463,605
486,466,225,465,610
487,514,231,467,617
490,549,235,459,620
491,559,233,452,622
492,563,232,439,621
487,552,221,440,622
490,511,214,437,621
490,457,200,431,619
493,392,182,429,608
494,321,172,426,601
496,232,156,410,588
490,166,151,384,580
486,144,139,359,570
495,139,129,349,567
518,189,143,356,570
541,252,166,375,576
554,292,181,396,581
563,302,193,423,587
567,289,215,435,588
558,266,222,452,588
555,252,220,465,583
552,233,223,475,583
552,231,224,477,581
556,232,227,483,579
557,230,230,487,576
556,234,233,492,573
557,243,235,495,570
557,248,238,497,565
554,243,239,499,563
550,243,240,502,564
536,238,243,504,566
508,230,242,503,567
457,189,240,495,568
415,178,226,491,567
404,174,228,501,568
402,183,231,498,568
389,193,229,500,569
392,214,225,504,570
400,236,223,505,569
420,238,219,506,571
443,239,223,508,571
445,249,229,511,571
434,255,234,516,571
429,259,236,517,572
429,271,237,516,574
430,288,238,515,576
435,320,242,513,579
447,385,246,514,581
462,456,250,515,586
477,526,256,518,584
485,548,256,519,574
490,553,254,518,572
490,533,250,518,570
482,474,235,517,568
455,408,216,518,567
440,314,198,520,568
443,217,177,521,569
445,123,159,521,567
449,47,157,527,567
455,0,154,527,568
453,0,158,519,575
450,0,164,514,574
440,95,178,490,578
435,197,187,464,580
437,263,188,451,584
439,281,178,440,585
428,275,165,440,587
414,280,161,440,588
408,279,164,442,588
404,290,163,441,586
404,299,165,441,587
410,314,168,435,581
414,321,168,416,581
416,330,176,408,580
424,330,167,382,583
439,329,169,370,586
457,310,172,375,590
465,305,166,390,591
470,319,170,412,589
467,331,179,420,589
456,322,180,425,590
434,295,179,427,586
401,263,185,423,583
358,185,180,416,585
339,219,184,414,586
337,236,188,408,586
342,278,187,410,588
331,308,182,414,591
320,324,185,422,591
299,342,185,425,592
274,351,190,425,594
254,355,190,422,596
245,352,189,424,599
232,334,190,425,600
229,324,186,426,599
240,290,185,430,602
262,334,186,438,607
300,397,193,447,613
341,460,217,449,621
370,508,227,452,623
390,540,224,447,624
402,549,227,441,622
393,551,224,442,622
365,549,228,439,621
331,530,229,435,618
286,506,235,430,615
262,471,231,421,613
229,426,224,419,608
188,352,207,410,602
139,183,192,410,595
124,42,189,403,583
184,0,189,393,583
282,0,187,374,585
380,0,196,383,588
443,0,213,391,598
491,106,250,405,605
518,196,238,428,607
533,247,246,449,606
543,256,244,465,605
548,253,240,485,602
553,248,241,496,598
557,256,252,497,592
562,258,246,505,589
566,261,242,508,588
571,260,246,516,585
573,267,246,523,585
576,270,249,530,583
583,271,251,539,581
591,266,238,544,574
593,260,233,549,567
588,253,240,555,564
575,254,245,561,561
554,267,241,562,564
531,265,237,563,564
510,259,237,563,566
490,262,239,560,566
490,263,238,561,560
497,264,246,574,551
510,267,247,583,548
513,269,248,588,542
510,267,248,592,542
499,263,245,597,544
483,254,242,604,545
475,261,239,606,544
476,265,245,616,544
486,269,249,621,543
497,270,239,625,543
508,273,228,627,544
519,284,230,630,549
518,318,240,632,560
510,339,250,635,566
496,345,253,633,569
499,320,254,635,567
507,279,242,641,559
529,256,235,644,549
543,227,248,649,546
542,230,248,650,546
541,263,249,652,548
548,284,252,651,547
559,330,255,649,549
566,385,265,651,549
573,468,273,655,541
578,497,279,658,548
584,493,275,658,549
589,450,259,659,553
596,393,232,653,554
596,346,225,647,554
594,312,219,645,556
587,271,222,635,561
573,235,222,617,563
556,207,223,601,564
538,111,219,590,567
525,87,215,586,569
523,76,216,583,569
522,55,213,585,570
514,48,211,580,569
503,57,206,574,570
474,26,195,563,572
433,76,193,555,569
415,102,193,537,574
412,118,178,544,579
408,103,178,547,577
414,102,170,545,576
423,62,175,536,567
436,59,161,536,554
448,78,125,527,536
441,87,143,525,525
430,114,155,516,528
442,178,165,510,527
468,246,161,497,523
488,298,159,498,519
498,327,164,486,518
506,340,170,470,516
511,331,172,450,519
515,303,171,425,528
521,292,183,432,541
532,310,188,445,548
540,322,198,456,558
545,317,216,461,560
550,316,243,464,561
558,316,252,462,561
563,278,251,457,560
570,253,251,456,559
590,243,256,453,562
616,274,244,445,559
631,272,231,440,551
641,265,215,422,540
646,255,222,414,528
655,246,211,399,528
662,245,218,400,518
667,249,230,395,499
667,264,243,399,486
667,287,258,397,476
665,312,269,402,473
663,319,277,406,473
663,324,280,411,467
659,328,280,420,465
658,328,278,427,468
649,324,280,437,474
635,316,276,447,475
614,294,277,441,477
597,281,275,435,478
588,275,275,430,483
588,273,273,429,486
595,277,283,435,484
608,306,297,447,487
626,379,312,456,488
643,502,324,472,472
657,561,322,482,465
660,581,314,492,456
659,598,304,498,460
655,558,283,500,464
643,481,262,503,466
626,391,253,502,461
619,323,245,504,450
611,236,238,509,451
612,185,234,514,453
611,146,238,512,454
610,150,231,521,453
621,181,238,528,447
637,262,240,536,443
644,326,262,550,448
643,325,278,563,460
635,309,292,579,465
608,251,298,595,476
584,150,303,604,493
561,101,303,608,505
551,45,306,612,510
548,0,311,614,510
553,0,312,616,514
559,0,307,620,509
564,21,308,622,503
569,67,306,623,505
569,100,298,623,501
566,113,285,625,502
565,110,284,625,505
557,101,281,624,507
548,101,280,622,508
536,105,280,620,510
524,115,280,619,509
510,126,279,618,506
510,116,279,617,503
515,73,266,615,502
528,0,250,613,512
524,0,243,611,517
516,0,236,605,525
489,0,217,603,530
459,0,207,597,525
450,0,204,590,519
454,18,199,583,518
454,22,202,572,518
449,20,205,562,518
438,23,205,556,523
418,29,215,555,528
397,46,221,563,535
383,39,225,567,544
378,40,227,569,558
383,65,230,571,559
402,99,231,571,562
424,198,238,572,568
441,279,249,573,572
454,349,243,572,577
459,396,253,567,582
459,435,259,560,585
455,466,262,551,590
448,521,270,545,591
435,544,266,545,590
421,555,258,539,588
419,528,240,532,583
425,469,211,527,579
441,397,159,521,571
470,261,118,520,561
492,111,108,530,560
510,0,98,533,556
526,0,126,527,555
524,0,125,522,553
517,0,141,500,545
514,39,125,475,546
514,169,127,461,550
519,276,137,462,548
523,326,155,462,550
524,334,165,466,552
527,323,178,467,553
531,308,189,468,551
538,297,198,469,553
543,290,198,458,554
546,270,204,461,556
543,293,208,468,555
517,289,217,472,557
482,279,224,468,563
435,274,227,463,564
397,273,229,455,563
377,281,231,452,562
387,298,232,456,560
413,314,231,464,562
443,321,227,470,563
473,300,222,473,561
487,216,215,474,561
485,137,211,473,558
474,99,210,475,560
457,76,205,480,562
421,71,197,479,559
402,92,194,479,557
376,127,178,458,556
362,161,178,449,556
362,180,182,444,559
382,203,182,440,560
405,221,191,448,560
425,233,197,453,563
445,242,204,459,564
459,256,214,466,564
465,259,228,472,566
469,267,234,481,566
476,286,233,488,563
479,312,234,487,564
478,346,238,488,565
475,387,242,488,565
470,433,243,483,569
476,448,248,474,564
482,472,247,463,567
488,497,255,459,570
495,530,265,463,572
494,566,269,468,574
497,578,268,465,574
484,559,262,464,574
452,508,248,466,567
398,416,219,469,558
350,243,203,477,544
298,76,190,483,542
256,0,183,469,545
270,0,188,456,535
294,0,193,458,529
345,0,202,471,528
390,0,218,477,528
418,64,221,488,527
416,232,261,504,532
400,294,262,524,543
378,327,279,533,553
367,333,297,542,552
366,315,304,552,551
374,308,316,556,552
386,300,319,560,552
410,308,317,564,554
443,311,314,565,557
472,320,313,571,558
483,336,313,576,556
486,336,317,579,556
483,329,310,584,554
476,326,311,585,555
463,327,313,586,554
459,320,316,587,557
466,330,313,588,556
475,335,310,589,556
478,336,305,594,553
476,333,305,595,550
472,323,301,595,551
469,312,302,598,551
466,301,308,599,549
467,289,306,601,548
473,294,306,604,547
477,298,307,607,546
480,299,310,610,547
483,295,312,617,544
485,290,311,618,545
482,273,305,619,546
478,256,300,620,546
467,244,294,620,545
463,241,296,623,545
468,249,297,623,542
483,263,291,623,541
493,270,280,624,543
505,278,272,620,540
509,284,273,621,542
516,285,275,620,541
515,285,276,623,546
503,295,280,626,547
498,300,284,628,548
497,303,292,628,548
501,313,295,629,550
509,343,303,630,556
517,388,311,630,560
520,477,299,629,558
521,495,290,622,557
518,510,288,608,560
507,499,268,600,560
495,457,252,593,553
490,399,236,588,549
494,341,220,577,550
505,293,194,574,551
522,248,184,565,557
538,181,181,558,563
544,132,169,519,565
536,148,156,488,561
525,195,163,440,556
504,264,170,391,552
491,310,174,351,552
497,339,176,333,551
513,353,175,356,552
529,349,191,376,555
539,323,191,393,552
546,319,209,410,555
553,329,218,418,554
561,337,229,413,557
567,337,231,407,559
572,332,220,407,558
568,306,208,401,558
558,282,214,406,560
550,273,214,402,557
550,292,212,403,554
561,309,229,414,554
571,320,235,421,553
579,327,240,423,554
585,307,238,430,554
581,241,237,432,554
572,224,220,433,554
563,204,219,432,555
561,214,221,432,556
569,253,233,442,555
587,299,245,446,556
608,348,252,448,555
623,381,236,446,553
633,385,229,446,552
636,396,227,449,550
636,407,231,450,549
636,418,238,449,549
632,429,243,452,551
623,435,250,455,551
613,437,256,455,552
606,449,268,455,556
594,489,276,458,559
583,552,274,457,556
580,581,272,462,551
577,597,266,462,549
570,593,238,464,548
560,551,215,466,546
544,490,195,467,540
500,397,191,468,538
449,329,188,465,531
400,240,191,471,530
361,175,195,468,531
324,156,206,454,527
303,161,215,434,521
292,213,227,435,521
303,302,228,460,530
304,364,248,486,543
284,384,241,504,548
265,348,254,530,550
246,307,273,545,552
234,289,278,552,554
221,263,286,562,553
215,218,290,568,562
211,223,294,573,562
211,203,297,577,560
235,213,297,588,556
267,215,293,591,557
292,219,294,594,559
304,220,290,599,558
308,216,292,604,558
314,220,295,608,554
311,230,304,612,557
302,235,305,614,558
298,244,305,615,560
296,256,302,616,561
299,261,301,620,557
311,255,296,631,557
325,247,303,637,557
326,237,307,644,555
327,238,311,650,553
328,256,310,654,550
330,257,314,656,547
334,252,314,658,546
347,227,314,660,543
353,238,310,662,531
363,250,308,663,529
368,258,311,665,528
374,265,314,664,527
373,275,318,663,528
369,281,323,664,535
354,301,325,664,539
347,321,327,663,542
351,342,336,663,545
373,381,338,662,552
394,466,342,662,550
429,511,334,661,547
450,538,321,658,548
456,535,300,652,547
427,487,286,647,544
408,430,270,636,541
404,332,246,621,540
414,247,212,602,544
443,125,198,595,543
482,26,199,589,543
511,0,191,581,539
545,0,188,550,532
556,0,174,503,524
564,115,167,459,523
564,233,161,407,525
567,290,160,367,529
564,291,153,352,537
562,273,154,360,546
556,277,170,364,553
564,262,173,368,554
573,267,175,387,554
582,278,172,388,544
593,283,165,382,544
598,290,168,375,543
596,292,166,354,543
581,305,157,341,541
571,295,162,343,536
570,275,163,356,537
574,271,172,365,538
583,269,185,359,537
585,256,188,354,535
589,257,191,352,535
595,258,192,340,535
597,261,191,355,535
602,268,186,377,533
604,281,187,381,532
605,294,194,384,528
604,320,195,379,525
601,326,196,378,525
602,327,198,382,527
604,343,200,387,527
600,353,205,395,529
592,361,203,398,530
584,378,210,403,534
584,384,214,402,539
592,390,229,413,543
599,392,238,416,545
605,421,245,417,548
603,494,258,423,550
602,541,265,427,550
603,578,270,430,547
604,600,262,431,541
599,602,244,430,538
590,565,223,430,538
579,498,205,429,529
559,419,195,429,515
536,337,188,430,510
512,203,191,418,508
484,99,189,412,516
449,44,188,414,516
406,20,194,412,526
357,33,200,406,533
323,63,201,394,534
327,181,210,424,537
332,296,239,459,537
343,353,269,494,533
340,367,291,515,538
296,351,297,530,545
254,336,297,540,539
233,312,295,552,543
213,286,289,553,541
197,273,293,559,536
179,275,301,564,539
176,260,305,567,537
177,230,301,573,533
193,207,302,574,530
217,207,303,578,528
228,210,302,582,527
232,227,303,586,525
234,236,301,587,526
219,241,298,593,530
207,241,299,596,530
211,233,296,597,531
228,241,297,595,531
296,259,297,594,530
326,268,302,593,526
339,296,299,591,526
347,329,301,590,525
346,348,299,587,527
350,372,300,589,530
357,407,310,593,534
371,472,323,595,539
383,532,329,595,540
390,569,330,589,540
385,579,310,581,545
382,554,284,580,546
373,496,259,581,547
343,417,193,579,545
353,326,175,571,535
379,182,122,571,525
424,59,114,569,528
459,2,106,560,531
470,0,101,530,531
472,0,72,488,527
494,0,53,444,526
509,0,32,402,531
520,65,21,382,532
521,145,20,378,532
525,130,14,384,538
532,97,48,393,545
544,103,72,423,547
562,101,98,452,537
570,111,115,471,526
578,134,126,476,525
586,165,113,476,528
593,187,104,471,525
602,194,78,463,524
602,192,81,456,523
603,192,94,457,521
605,176,122,451,518
595,205,148,459,515
576,228,175,465,515
561,262,188,455,517
551,279,200,437,519
541,280,202,429,519
533,287,195,425,519
524,284,188,433,522
514,287,181,443,521
466,240,161,448,523
358,129,151,424,532
251,51,149,404,538
182,23,150,400,537
181,19,160,402,540
206,47,164,416,536
242,98,193,437,532
290,136,209,451,533
320,154,211,466,529
340,179,211,478,528
334,194,220,491,527
337,230,227,495,526
335,244,230,498,529
332,248,227,496,537
332,263,232,495,547
340,325,248,499,559
374,435,264,506,563
426,546,284,520,558
463,590,294,526,554
495,634,280,527,544
505,641,258,521,544
508,610,230,513,546
481,552,182,514,544
450,439,144,520,527
426,331,123,522,515
391,162,121,530,512
372,43,122,536,516
351,0,121,539,521
330,0,120,542,523
348,0,121,542,526
381,0,126,549,533
401,62,134,560,540
380,227,161,570,546
335,305,203,576,549
298,303,223,584,556
261,265,218,591,562
217,196,221,595,564
185,124,205,597,558
141,100,214,602,559
111,96,227,603,557
125,104,239,606,554
155,118,244,602,554
186,144,254,603,552
192,186,256,603,547
202,209,257,604,549
225,223,251,601,550
243,233,243,599,550
229,230,238,596,548
229,241,236,587,545
244,247,222,576,540
251,252,207,551,533
262,271,215,533,529
287,292,231,525,526
315,312,246,510,527
346,326,243,501,529
367,336,240,498,532
394,335,241,490,533
406,332,219,487,529
408,327,215,483,531
390,319,203,482,529
374,312,204,488,530
363,314,207,490,533
347,321,211,493,537
307,334,224,494,538
279,337,231,483,541
256,347,246,472,537
269,359,256,461,539
277,361,256,462,539
281,364,252,454,540
288,366,246,454,542
299,366,246,455,542
298,364,235,456,542
279,347,221,462,540
248,331,212,463,538
224,327,212,458,541
188,324,213,449,539
134,322,209,442,542
115,322,208,430,544
76,326,215,427,549
61,330,216,430,548
49,332,216,421,548
45,337,218,411,550
45,339,224,396,551
51,339,223,385,554
57,336,224,380,554
60,336,227,378,555
63,333,230,375,556
68,330,230,371,557
68,330,231,366,557
65,328,236,364,557
60,322,239,363,557
40,320,239,360,559
28,319,238,358,559
0,318,239,353,560
10,319,240,348,562
25,317,241,353,561
44,318,243,351,561
45,312,242,349,560
42,305,240,347,559
46,305,236,344,559
46,304,233,338,558
44,303,229,332,557
43,301,227,331,557
44,304,230,335,557
46,305,232,335,559
52,305,232,336,560
55,304,231,339,560
59,304,229,339,560
56,306,225,337,560
59,308,227,339,561
70,309,230,342,563
76,311,236,349,565
79,316,235,353,566
84,317,237,352,566
92,318,234,353,567
99,319,231,350,568
103,313,230,350,569
94,312,228,350,570
89,309,226,348,571
76,305,228,353,571
72,307,234,352,570
71,309,237,350,570
75,313,238,345,571
80,317,238,343,570
89,322,238,345,571
92,321,235,348,571
95,321,231,349,571
98,323,228,347,571
99,322,225,348,570
99,322,229,351,570
99,322,227,352,572
101,325,229,351,573
102,331,232,352,573
105,330,230,350,575
112,332,225,344,575
124,328,218,335,575
126,325,211,333,577
125,321,210,331,576
113,320,215,336,576
107,320,222,338,577
103,323,230,340,578
103,331,234,339,579
102,335,236,341,577
101,336,235,346,577
103,338,236,350,579
104,339,238,347,580
105,339,236,347,581
106,338,236,348,582
108,338,237,350,584
109,339,236,350,584
118,341,235,348,585
133,342,236,346,585
141,343,237,337,585
144,343,235,322,585
145,342,234,323,585
141,341,238,321,585
127,342,240,331,585
113,343,241,341,583
108,344,244,346,583
113,344,244,343,582
