F1,F2,F3,F4,F5
450,171,388,780,328
449,173,389,780,330
449,176,391,780,332
450,177,391,780,333
452,174,391,780,332
455,168,391,780,333
457,166,391,780,334
463,162,391,779,335
471,156,391,779,335
473,155,392,779,334
476,153,393,779,333
477,154,394,779,333
478,141,392,780,332
479,133,392,780,333
481,136,393,780,334
485,146,393,780,335
489,152,393,781,337
491,160,394,781,338
493,173,394,781,341
495,176,394,781,340
496,176,395,781,340
497,183,395,781,340
499,187,396,781,341
501,209,395,782,345
507,260,398,782,355
510,327,399,783,368
512,383,400,784,370
513,415,400,785,369
512,447,402,786,368
513,455,400,786,369
514,414,389,785,371
517,337,381,784,373
517,218,374,784,366
514,31,356,784,360
521,0,347,785,357
530,0,343,786,354
536,0,348,787,359
547,0,350,787,370
557,0,343,785,373
570,26,338,783,378
580,95,329,778,378
586,185,327,774,372
597,214,320,770,358
604,219,317,769,337
609,209,317,768,329
613,190,313,766,319
613,162,318,765,310
609,150,322,764,296
605,139,326,766,288
606,137,326,768,278
602,135,328,769,274
601,134,322,769,269
601,133,310,767,259
599,130,304,765,260
603,135,310,761,254
612,137,308,758,249
616,149,302,757,243
622,148,308,758,237
624,145,310,758,219
622,145,310,759,204
618,139,315,761,202
617,125,317,763,201
619,123,320,763,197
620,120,314,762,178
620,123,315,759,174
618,125,320,759,173
618,123,325,760,171
617,120,329,761,173
621,119,333,761,180
623,111,333,762,189
624,109,334,763,194
623,112,336,765,195
624,120,338,765,199
628,132,340,765,201
633,140,339,765,202
641,152,339,766,204
651,157,337,767,206
658,157,327,767,220
660,155,327,767,249
663,154,336,761,262
662,157,346,758,273
665,165,355,755,269
674,176,353,755,267
681,185,342,754,268
688,184,333,751,265
694,179,326,746,264
697,180,327,745,275
696,177,331,745,291
695,174,336,744,298
691,168,344,745,304
682,159,348,746,308
679,160,352,743,313
678,169,352,742,304
683,174,339,740,301
687,174,323,740,303
691,171,319,739,305
693,168,320,738,317
697,170,330,738,324
697,165,335,738,326
698,167,348,735,332
698,176,356,735,336
697,187,367,737,335
696,250,375,738,329
696,314,385,739,321
698,363,393,741,317
701,397,398,747,315
704,407,400,751,313
705,401,403,751,309
707,401,406,747,305
707,376,405,740,300
706,335,402,736,294
704,294,400,733,277
703,256,400,731,271
704,230,401,732,269
702,221,405,733,266
695,183,402,736,260
676,123,394,738,248
653,46,374,738,227
626,0,338,741,208
595,0,323,747,204
558,0,321,752,202
545,0,318,759,209
529,0,329,763,211
517,0,334,769,215
519,1,343,774,222
520,32,348,778,228
520,61,357,781,236
530,126,353,783,250
530,177,350,786,275
540,211,354,786,299
544,223,356,785,312
547,226,358,784,319
549,234,350,782,332
551,221,335,780,341
555,203,322,778,342
559,194,322,777,349
555,189,324,778,348
539,184,332,779,348
529,188,336,779,342
524,190,337,779,344
528,197,341,779,342
532,204,336,780,344
512,202,332,781,346
474,185,328,781,346
424,173,326,779,345
420,173,327,781,345
421,188,336,781,350
425,206,333,784,354
414,211,322,784,358
406,220,330,784,357
411,217,381,786,357
403,223,384,788,362
394,239,385,788,356
384,236,373,788,350
377,239,371,790,334
357,235,353,792,327
341,225,353,792,324
331,208,352,795,312
332,187,349,796,311
342,184,380,796,314
351,191,376,797,307
354,194,370,798,301
357,192,360,799,298
367,196,360,799,305
370,204,362,801,307
378,209,350,805,288
374,212,355,805,285
363,205,350,805,277
354,203,348,806,274
353,200,340,806,264
359,208,335,808,259
364,219,331,809,260
373,235,341,808,261
371,236,341,810,256
367,220,326,810,258
359,204,302,809,254
363,193,335,808,251
361,186,329,807,248
366,188,336,808,252
367,199,341,809,257
373,205,345,809,260
382,206,347,808,261
393,216,355,808,261
410,224,356,809,257
420,249,369,809,262
424,273,375,810,261
427,287,379,811,268
429,299,380,811,270
432,295,365,812,274
432,289,346,811,272
432,290,339,810,271
425,293,333,811,273
428,296,340,811,275
436,324,350,811,277
444,375,365,810,293
448,443,373,810,300
449,497,378,810,299
450,500,382,811,304
448,489,385,811,311
447,409,377,809,319
437,162,357,808,322
428,0,340,806,327
433,0,321,806,327
457,0,307,805,310
524,0,267,803,301
552,0,283,804,274
573,0,293,800,260
594,0,281,797,237
605,0,288,794,229
612,0,315,790,233
625,0,319,791,242
641,0,320,791,242
643,0,314,794,236
637,0,302,797,249
636,0,349,799,256
641,0,368,798,256
646,0,377,799,252
649,0,392,800,255
653,0,395,800,260
657,0,346,800,267
659,0,365,800,271
661,0,370,799,271
662,0,366,799,271
663,0,364,799,272
666,0,350,798,273
670,0,343,798,276
676,0,349,797,278
679,0,352,795,278
679,0,325,794,272
681,0,295,792,274
687,0,296,789,260
689,0,298,784,262
692,0,293,782,266
693,0,288,783,263
688,0,304,783,266
684,0,318,785,264
672,0,333,789,263
648,0,343,794,256
636,0,346,794,255
634,0,330,790,256
634,0,292,786,253
642,0,285,783,257
651,0,293,781,263
658,30,304,781,266
664,72,314,783,265
664,83,331,783,270
658,97,342,783,272
651,114,343,784,269
654,139,342,780,267
658,152,332,772,263
666,168,305,768,280
671,176,290,765,289
676,191,282,762,300
682,178,276,762,315
684,162,274,759,333
681,146,280,758,338
679,166,293,758,351
675,196,306,760,354
672,245,324,763,356
669,276,339,765,360
666,304,338,766,352
661,326,341,766,350
660,359,343,766,353
663,387,344,768,351
663,420,348,769,355
662,449,358,770,348
659,482,371,772,341
657,506,372,772,325
658,521,376,771,316
657,533,375,771,325
653,510,365,770,328
641,453,353,770,334
629,335,349,768,336
618,225,346,766,338
607,74,331,765,336
599,0,328,765,327
591,0,326,768,335
587,0,340,770,339
582,0,344,773,349
574,46,346,776,354
562,209,356,778,368
553,296,347,778,378
532,350,342,779,393
510,377,346,777,403
479,386,339,773,414
473,387,338,767,421
492,381,314,762,422
514,353,268,759,419
532,334,307,760,411
538,336,255,761,410
536,344,253,761,416
535,349,248,761,419
537,348,247,760,425
539,341,243,758,429
541,329,244,757,436
544,317,243,756,438
547,323,246,755,439
547,335,246,753,432
547,345,246,752,426
552,349,237,752,416
554,348,221,745,421
553,346,202,739,425
551,342,201,738,428
553,339,257,738,435
565,338,264,735,426
574,359,263,733,411
585,361,252,730,400
590,363,218,731,394
593,366,209,731,402
594,368,203,730,406
593,365,203,730,415
587,364,212,730,423
581,360,215,730,428
581,363,216,732,429
587,371,221,733,434
592,377,222,733,435
596,381,213,735,436
600,389,211,736,438
603,381,202,737,441
602,373,200,737,442
600,366,206,737,440
596,362,216,738,439
593,369,230,737,431
589,376,241,736,434
587,383,247,735,443
582,383,251,733,454
582,393,248,732,457
582,397,227,733,459
584,391,203,733,459
586,386,193,734,456
588,382,202,733,452
586,386,208,733,449
588,389,223,729,452
587,414,237,730,459
586,435,244,733,465
588,428,215,733,464
590,424,209,732,463
588,425,204,729,460
587,429,204,726,460
587,439,199,727,460
587,449,203,727,462
579,462,213,727,464
572,467,222,729,469
565,472,225,729,468
566,490,233,729,468
573,524,248,728,469
580,569,263,728,472
586,589,271,729,474
584,610,276,731,475
584,621,273,730,475
581,605,266,729,475
577,553,261,726,475
568,484,238,727,470
551,324,204,727,455
543,114,211,729,427
551,0,210,729,391
567,0,178,726,328
568,0,203,727,267
569,0,173,728,203
551,0,213,727,124
550,32,224,725,123
572,225,240,730,112
593,319,225,735,107
598,365,259,740,96
600,381,287,742,99
600,374,300,747,98
593,351,307,750,98
587,335,311,752,88
590,319,329,753,78
595,282,341,751,85
600,277,343,749,90
604,286,346,753,102
609,302,353,757,114
610,293,357,760,117
606,268,359,764,117
602,253,363,766,115
606,259,365,767,114
612,286,367,767,102
617,307,373,769,102
621,343,368,773,104
622,359,375,777,107
618,371,381,780,111
613,374,390,784,125
609,384,395,788,141
612,384,401,791,161
617,386,390,791,179
627,392,386,791,200
637,388,390,791,211
649,401,396,791,213
658,422,403,793,221
664,429,405,793,227
668,439,409,792,232
667,448,410,793,239
664,447,413,793,235
660,448,416,794,226
660,449,417,793,221
660,452,417,794,220
657,457,419,795,217
660,459,420,793,206
666,456,413,790,208
664,454,409,788,199
665,448,411,787,188
663,449,411,787,168
658,450,416,788,168
652,452,421,790,169
648,453,428,792,173
652,454,429,793,171
660,454,427,792,189
662,442,413,792,197
662,436,411,793,202
662,440,419,793,205
664,444,425,793,212
664,447,432,794,210
661,437,432,795,203
654,447,435,796,204
647,451,442,796,195
643,449,445,796,192
639,455,447,795,192
638,471,447,793,201
638,503,451,793,208
643,556,452,794,212
648,598,459,794,219
651,612,455,795,237
651,609,453,795,250
650,568,441,794,256
640,480,432,793,260
626,408,417,792,265
619,290,400,792,275
612,158,403,794,306
612,130,396,795,320
617,110,395,796,339
622,100,392,796,356
626,149,382,793,362
626,223,363,790,362
624,278,335,787,373
614,315,295,783,376
602,304,274,776,372
577,288,251,767,376
572,297,236,761,381
574,298,237,759,388
575,292,226,757,394
569,290,206,756,405
559,290,202,755,407
549,302,212,753,409
540,304,228,749,418
535,308,234,747,425
516,305,248,745,427
507,307,247,742,425
492,306,240,738,424
476,307,226,728,423
490,304,239,723,425
501,317,240,721,435
510,322,243,722,440
513,326,249,724,443
513,336,251,725,449
513,344,258,726,456
514,356,262,725,468
513,360,262,727,473
503,362,264,729,473
500,356,260,731,473
496,345,254,731,472
490,330,251,732,474
481,323,247,729,478
481,327,249,729,475
491,343,253,729,473
512,363,253,729,471
527,370,249,728,473
537,358,243,727,477
540,331,241,725,485
541,329,243,724,488
542,335,246,722,492
544,351,247,718,493
552,366,253,718,496
556,378,262,719,499
560,400,277,719,502
560,423,296,719,503
560,426,297,719,507
561,432,289,717,508
563,434,286,716,509
560,429,286,716,514
564,453,300,717,518
564,497,315,718,523
566,556,323,719,524
566,591,328,720,521
565,619,324,718,516
556,631,328,713,515
545,635,329,710,511
526,634,328,707,510
510,593,314,706,508
490,516,302,702,502
478,431,288,699,496
452,262,275,696,478
445,138,285,693,454
467,44,291,690,435
494,58,300,687,416
512,115,317,684,385
528,217,320,677,336
542,293,315,670,287
564,321,305,671,250
579,324,312,677,230
590,335,332,689,224
592,339,351,701,214
596,342,357,713,196
595,340,362,720,191
597,342,377,723,174
591,343,381,727,170
585,333,393,729,159
584,334,399,731,136
583,324,402,731,129
586,307,404,732,131
590,293,400,734,143
597,286,402,738,162
600,312,407,743,178
601,323,405,747,182
604,319,410,750,188
607,305,409,750,191
611,300,407,751,194
613,301,403,753,199
617,302,404,755,205
620,311,407,756,208
621,324,407,758,227
620,334,410,760,253
617,333,412,762,260
618,326,406,763,264
622,310,391,761,262
628,280,373,761,263
638,261,357,761,283
642,248,359,758,308
648,230,356,756,317
649,218,357,755,324
643,218,359,756,329
630,223,365,756,327
617,215,377,756,321
614,203,380,752,317
622,201,365,748,310
615,209,359,744,311
604,209,357,742,312
592,222,350,739,325
590,257,351,736,333
593,299,357,734,345
595,316,360,733,351
598,348,365,734,355
599,368,370,735,358
597,380,373,736,359
592,392,379,736,362
588,409,388,736,359
578,422,390,736,359
570,429,388,737,359
576,423,378,738,363
584,402,367,736,364
591,389,360,733,362
596,383,360,732,362
595,379,361,728,362
595,374,356,727,356
600,390,355,725,359
603,401,358,725,363
606,432,356,723,368
606,449,354,723,369
609,482,336,724,362
608,487,339,723,362
607,492,341,723,360
602,521,349,725,361
597,563,360,732,344
594,603,374,736,340
587,630,387,738,329
583,646,391,738,328
580,654,393,737,325
578,648,394,737,324
579,611,391,738,325
579,557,388,738,327
578,493,381,739,328
575,413,366,739,331
566,345,355,737,331
557,289,347,733,340
549,230,361,728,348
546,219,359,723,358
550,238,345,722,365
554,256,340,725,367
552,263,320,724,369
558,257,307,723,372
564,256,315,721,375
566,249,318,723,372
564,252,327,724,375
563,270,330,727,379
562,307,334,730,378
562,328,327,730,382
561,355,318,731,386
557,361,294,731,390
553,362,292,730,396
559,352,278,732,399
565,352,272,731,402
573,355,266,732,404
578,360,264,731,408
578,363,266,732,408
575,373,269,732,408
573,378,274,735,406
570,380,276,736,407
569,381,283,736,409
568,379,287,736,414
566,379,284,736,412
565,382,277,735,412
564,383,283,736,414
557,386,286,738,413
555,386,300,737,413
563,384,294,735,414
571,373,299,731,416
574,365,304,729,417
572,358,304,726,420
559,363,297,726,421
541,370,314,727,424
539,371,315,728,427
543,370,301,725,432
547,353,287,723,437
549,338,279,724,442
551,336,275,723,445
556,346,281,722,448
560,353,287,722,452
554,356,296,721,455
547,357,309,721,458
540,357,314,716,460
535,345,307,715,460
529,343,294,717,453
514,338,289,717,450
496,341,293,719,448
474,345,299,719,449
466,349,310,721,447
446,346,312,717,450
423,338,313,716,449
404,335,311,716,441
406,345,311,716,442
418,360,305,719,439
425,376,296,722,439
435,410,308,723,448
458,463,318,724,453
477,524,322,726,456
496,590,328,728,460
507,624,332,728,465
513,627,340,727,473
515,594,340,724,480
505,522,334,718,473
495,432,324,713,456
470,239,313,713,450
452,113,326,713,445
453,0,329,715,426
484,0,333,716,414
520,28,332,718,402
542,82,340,721,370
561,145,355,725,339
581,242,371,734,316
603,316,381,744,300
618,370,399,754,297
633,402,422,761,303
644,416,446,767,316
647,421,454,772,332
645,426,461,776,354
644,423,465,781,365
647,425,468,786,372
655,427,471,790,367
662,435,478,791,368
668,435,482,795,375
669,443,485,797,377
672,444,489,799,379
674,442,488,799,379
675,436,484,800,381
674,428,475,801,383
670,411,476,802,386
662,396,478,803,382
659,391,480,804,387
658,398,480,804,396
660,405,480,805,400
662,413,485,807,406
663,416,487,809,412
663,420,492,811,421
663,423,493,812,422
664,418,491,812,423
664,407,487,812,424
661,386,484,813,425
657,377,484,814,427
654,369,487,815,430
654,391,487,816,435
653,408,486,817,440
654,409,484,817,444
651,416,479,817,448
650,417,480,818,454
652,414,476,819,453
653,410,475,819,458
652,409,475,819,461
641,406,474,820,463
629,404,474,819,461
625,387,467,820,460
621,376,458,820,455
621,375,460,820,455
625,383,464,821,454
628,391,468,821,449
627,402,471,821,447
624,409,474,821,449
624,421,477,821,446
625,422,476,821,445
625,409,473,820,442
628,401,474,820,439
632,406,476,820,437
638,419,478,820,440
640,435,481,820,450
645,445,483,821,453
646,488,486,821,461
646,529,488,820,464
644,561,479,820,464
640,552,472,820,462
640,494,465,820,463
641,449,452,819,467
643,335,422,818,473
645,199,418,817,483
643,72,412,817,489
647,43,399,817,495
651,69,397,816,501
652,123,395,812,505
653,221,390,810,505
654,296,387,806,502
656,336,382,805,503
655,361,379,804,503
655,375,367,803,500
656,370,357,802,501
658,363,353,801,499
659,354,345,799,492
660,341,337,798,483
664,322,326,796,472
665,301,314,795,459
666,285,317,796,451
668,290,318,797,443
672,304,320,798,448
674,315,329,799,447
676,327,337,800,445
677,346,342,801,439
677,349,344,800,441
676,362,337,800,440
675,361,330,799,436
677,356,334,798,432
679,352,337,798,433
683,356,342,798,442
688,360,352,799,449
693,370,358,799,454
695,380,358,799,459
695,384,359,799,460
694,387,353,798,462
690,391,345,798,463
686,377,327,797,460
685,370,312,794,459
685,369,307,792,456
686,372,313,790,455
683,376,318,789,453
681,376,315,789,453
681,377,305,786,455
679,378,298,784,458
679,378,297,784,459
674,377,298,784,462
669,374,299,783,460
666,373,305,781,462
667,372,313,780,460
669,371,319,776,458
672,372,323,774,458
675,374,333,775,462
672,372,339,778,461
670,372,345,780,455
670,370,348,782,453
671,367,351,783,453
671,364,350,782,453
661,362,349,784,454
644,366,346,784,457
622,366,352,784,457
613,363,353,785,457
602,353,347,786,456
595,346,347,786,456
582,341,341,785,453
568,335,328,784,439
564,337,329,784,427
566,341,334,784,426
566,332,336,785,427
566,325,337,786,427
566,304,332,786,426
567,297,335,787,425
571,291,340,787,419
572,284,338,788,414
569,291,349,788,412
560,295,354,789,410
552,291,359,789,405
537,287,358,789,405
527,271,351,789,407
517,264,350,789,409
518,278,351,790,415
521,289,351,790,417
520,299,351,791,418
521,299,349,792,420
533,301,350,793,419
541,300,343,793,414
549,312,342,794,411
567,315,345,794,413
582,340,351,794,424
594,368,358,795,427
603,460,361,796,429
604,509,370,796,427
606,565,375,796,429
608,572,374,796,428
606,504,373,794,428
592,445,364,792,440
563,191,335,791,437
535,0,336,789,437
518,0,331,791,437
539,0,335,792,429
565,0,340,795,408
595,0,359,796,405
614,0,373,799,403
622,118,381,801,399
629,236,398,803,387
632,323,415,806,364
634,349,425,810,325
635,349,443,813,295
637,326,464,814,297
634,293,473,816,296
631,283,473,817,300
625,255,476,818,314
621,239,477,818,335
621,245,479,818,345
621,257,478,818,351
622,283,469,819,355
619,305,466,820,356
620,318,463,821,361
621,318,467,822,357
621,314,471,822,361
621,314,474,822,361
625,323,476,823,364
629,331,477,823,364
633,347,480,823,366
635,357,482,824,370
635,365,483,825,372
630,364,482,826,375
625,373,478,826,377
624,369,477,826,372
626,368,475,825,369
626,356,468,825,357
621,341,455,826,364
607,330,452,826,374
594,311,454,827,377
583,294,447,826,379
577,285,441,826,384
574,273,425,826,399
571,274,417,824,404
573,283,406,824,417
572,297,401,823,423
571,298,402,823,429
569,287,401,822,433
567,274,395,822,437
564,259,400,820,435
558,259,396,819,435
558,262,388,817,435
559,291,397,817,436
569,314,406,818,436
581,371,420,818,445
593,410,431,819,453
602,443,442,819,462
608,476,446,820,474
610,496,451,820,477
609,500,453,820,477
603,494,450,819,473
599,487,450,818,470
598,478,446,817,467
597,465,437,816,467
596,460,426,813,468
591,399,413,811,466
590,323,387,807,462
592,186,358,801,438
604,86,348,797,427
620,19,343,794,412
638,32,336,788,427
661,96,343,783,409
676,161,356,775,386
684,205,343,766,363
689,242,347,757,341
693,268,340,755,313
691,296,342,758,260
693,322,341,762,241
696,324,340,764,234
698,323,346,767,238
698,317,349,771,243
698,313,355,776,255
697,310,363,780,260
696,312,365,783,271
694,312,366,784,273
695,313,367,786,273
698,320,371,788,283
702,342,380,789,283
705,360,387,791,282
704,377,394,792,293
705,380,398,793,301
708,372,400,793,307
710,358,398,791,313
710,342,395,790,314
711,342,399,787,313
709,339,399,784,328
705,344,400,783,341
703,348,404,785,353
702,372,406,787,367
705,382,400,786,366
709,385,385,784,367
711,382,369,780,376
713,377,367,780,386
713,367,369,779,393
711,369,376,780,401
708,372,385,779,407
706,377,391,778,408
706,370,387,775,411
704,358,379,774,413
704,353,376,773,415
706,356,378,771,419
707,368,385,767,420
708,380,390,769,420
708,388,395,766,424
708,390,396,765,429
709,391,397,765,432
710,386,396,763,433
710,375,398,760,431
712,372,396,757,431
713,378,395,758,432
714,383,398,759,435
713,388,400,761,436
714,402,402,761,440
715,413,404,761,445
715,431,404,760,447
715,444,404,760,447
715,472,401,760,448
715,489,409,760,443
714,525,418,760,439
707,555,426,763,430
699,564,428,763,423
690,522,421,761,421
674,425,417,758,416
656,318,412,756,408
632,174,405,757,399
613,10,406,760,389
605,0,415,765,378
597,0,422,771,372
607,24,426,778,370
618,141,428,783,375
628,230,438,790,375
630,325,443,798,363
626,385,449,804,339
617,402,464,808,326
610,403,472,811,315
602,388,476,813,318
599,380,477,814,334
597,375,476,815,336
596,378,472,815,334
593,368,470,816,336
591,361,466,816,339
592,364,457,816,334
594,356,455,816,339
595,355,454,817,352
596,353,455,818,358
597,356,454,818,368
597,367,452,818,379
597,356,455,818,389
591,365,459,820,392
591,373,459,820,390
591,371,455,820,393
595,374,452,819,394
586,378,452,819,395
573,383,454,821,391
579,389,451,821,386
588,392,445,821,380
598,390,435,822,382
608,393,435,822,380
619,393,440,820,389
627,398,442,820,404
630,399,446,821,413
634,405,430,821,397
637,404,421,822,387
638,401,422,821,392
635,404,428,821,395
634,409,436,822,397
633,414,439,822,395
634,417,439,821,379
634,418,430,822,374
633,418,432,822,374
631,418,430,822,379
633,415,430,822,380
633,409,429,822,374
627,410,433,822,368
619,413,437,822,364
613,416,439,823,361
613,423,439,823,359
615,427,441,823,351
620,426,444,823,341
624,428,442,822,335
625,430,438,822,311
620,432,435,822,309
611,434,437,822,307
608,434,442,822,304
608,433,446,823,299
610,431,451,822,299
616,437,454,822,286
622,445,456,821,288
626,475,459,822,293
627,499,460,823,297
630,559,458,823,316
630,584,462,823,330
627,590,451,823,340
620,536,439,822,344
616,457,408,820,347
617,320,385,815,358
616,141,361,811,357
620,0,343,806,355
634,0,335,803,351
648,0,327,800,341
657,0,329,792,318
669,0,324,784,288
675,0,324,773,269
671,111,332,758,254
667,196,342,745,240
656,239,332,737,222
647,266,319,731,192
647,287,318,728,172
659,308,325,728,167
668,314,342,733,165
673,302,352,738,176
675,296,362,743,176
675,287,367,744,170
673,285,368,745,158
668,281,371,745,175
663,280,374,744,188
659,281,378,743,191
657,285,364,740,185
653,305,309,735,185
654,305,320,731,176
655,307,328,729,187
659,320,338,730,191
665,326,342,733,200
669,326,347,734,205
670,327,348,735,209
670,323,349,733,224
670,324,349,730,221
673,323,351,731,210
674,328,355,730,208
678,331,356,719,208
677,336,351,721,211
675,340,352,723,210
668,337,354,724,216
668,329,360,725,221
662,313,366,720,226
647,320,370,722,232
635,324,374,723,244
638,322,372,722,246
649,316,363,720,250
665,312,356,721,246
677,311,364,723,265
686,318,373,725,295
689,318,359,727,313
689,332,353,727,321
689,341,362,724,325
693,344,376,723,326
698,360,379,722,328
701,369,380,722,326
704,370,382,721,326
707,375,382,720,330
704,375,378,718,332
696,374,381,718,334
683,380,384,720,330
668,386,384,720,310
650,390,384,718,293
641,395,386,716,276
642,412,387,717,264
646,433,391,719,263
652,445,394,722,259
657,451,396,723,259
663,459,395,723,264
671,466,395,723,267
675,513,408,724,272
677,558,411,728,267
679,583,412,730,261
675,553,414,731,264
663,470,412,730,259
644,326,410,728,242
630,169,396,727,230
620,0,398,727,223
607,0,397,729,220
598,0,396,733,216
595,0,394,738,216
601,0,391,744,221
611,0,388,755,221
624,39,386,761,210
635,176,389,770,204
639,271,393,780,192
642,337,399,789,196
637,369,401,796,205
623,395,405,801,223
602,402,406,803,234
588,403,407,805,252
575,396,399,807,261
568,391,424,807,262
564,388,417,807,265
559,391,401,808,269
550,396,391,808,268
545,388,392,809,269
541,371,397,809,273
538,355,391,809,281
533,341,392,810,280
532,342,396,811,282
536,363,397,812,283
539,379,400,813,283
541,383,404,813,290
512,382,408,813,303
497,380,402,814,315
482,370,392,814,324
478,353,391,814,324
496,319,408,813,321
506,308,406,812,313
516,301,406,811,317
519,299,397,811,331
517,284,388,809,338
516,279,375,809,341
520,272,372,810,350
524,272,363,810,357
528,265,356,808,357
532,261,351,806,353
532,262,341,805,355
531,267,336,805,359
525,273,342,805,362
510,292,350,805,362
504,309,356,805,359
498,284,354,804,360
493,266,346,804,359
486,267,345,804,357
492,290,354,804,357
499,348,362,805,364
507,405,382,805,374
514,461,396,806,378
520,485,403,806,381
523,508,404,805,385
523,518,407,805,389
525,491,407,803,390
517,473,408,803,389
507,455,409,803,386
506,406,403,802,378
508,342,381,800,360
522,232,367,797,354
536,152,350,795,321
550,115,336,792,296
571,110,332,786,270
586,128,327,782,258
598,163,330,776,242
607,211,327,769,219
618,242,324,760,208
625,268,326,751,191
623,287,333,744,186
623,293,328,743,177
619,306,247,743,180
620,293,275,747,187
621,244,282,749,189
623,217,274,750,194
627,197,270,752,197
628,189,277,753,201
632,189,298,754,201
636,196,305,756,204
637,204,308,759,207
634,204,318,760,217
623,211,327,763,210
620,209,329,764,209
624,207,331,764,210
632,208,329,764,211
636,204,330,762,213
624,217,336,764,215
616,217,341,766,213
613,228,350,764,211
607,231,352,761,208
605,237,352,761,207
605,244,353,761,209
593,236,346,762,211
580,223,339,763,213
564,195,323,763,222
552,173,309,761,239
552,166,295,758,241
562,168,294,753,245
576,188,296,752,247
590,210,300,753,247
601,233,299,756,254
605,248,301,757,259
606,248,296,758,268
605,237,285,755,272
598,221,278,749,272
590,214,276,745,268
586,216,275,737,270
587,220,277,739,272
590,226,284,741,278
591,231,295,742,281
589,239,306,742,290
589,257,310,739,293
585,267,316,739,293
580,270,318,739,293
574,270,322,741,288
565,271,321,741,289
558,268,319,742,289
548,264,316,740,295
541,266,318,739,291
527,269,323,738,288
512,268,326,738,282
497,275,330,737,274
486,292,333,738,263
483,305,333,737,262
485,316,330,737,264
493,326,329,734,269
489,328,329,733,277
486,344,331,733,284
489,358,336,732,288
505,412,346,733,293
517,471,362,736,294
527,533,378,739,307
536,575,384,742,309
537,602,386,742,316
540,595,385,742,324
534,538,388,737,332
507,411,389,735,332
467,267,383,734,326
427,136,368,733,306
407,0,379,721,299
386,0,376,723,276
384,0,378,725,271
390,0,382,727,273
403,0,384,727,271
415,0,385,727,272
425,40,386,726,273
441,118,387,727,270
451,161,388,728,270
453,185,379,729,272
447,205,370,730,270
439,205,360,731,273
422,209,360,731,280
401,206,360,728,284
395,203,359,727,284
395,202,360,727,283
399,207,358,728,281
406,213,359,728,279
410,218,359,728,277
418,238,363,730,274
429,245,366,731,275
433,254,367,732,275
432,256,366,733,277
428,261,365,733,278
423,261,363,734,278
419,262,359,734,277
417,264,359,734,279
419,265,361,734,279
420,270,362,734,278
427,269,359,733,278
424,270,358,732,273
428,270,359,733,268
431,269,362,733,265
433,266,362,733,267
433,263,362,734,269
433,266,363,734,268
432,267,364,735,268
427,274,365,735,271
419,273,364,735,277
421,274,366,735,277
427,273,366,734,279
436,278,368,733,276
439,272,369,733,273
433,276,372,733,271
428,278,372,732,268
410,280,372,731,269
403,275,371,730,269
397,270,372,729,269
398,259,369,730,271
402,251,369,730,262
408,252,368,730,259
411,256,370,730,260
413,259,369,730,261
416,262,369,731,261
417,267,369,732,262
416,269,370,732,263
413,270,371,733,264
