F1,F2,F3,F4,F5
223,340,324,340,581
224,340,324,340,580
224,341,326,341,581
225,339,325,343,580
225,335,327,343,580
226,334,327,344,580
222,330,330,344,581
212,330,331,345,581
208,329,332,346,581
204,334,333,346,582
203,336,334,347,582
208,337,334,347,582
221,337,334,347,584
229,330,332,348,584
235,325,330,348,584
240,315,329,348,583
240,314,328,348,584
240,318,327,348,585
239,323,328,349,586
234,326,331,350,586
235,323,332,350,588
242,315,332,350,588
255,308,330,349,588
262,301,328,349,588
267,294,328,350,587
272,278,328,352,587
274,260,326,352,590
277,256,327,352,591
284,264,329,351,593
287,273,332,351,594
291,282,333,351,595
298,308,335,353,595
299,323,335,356,596
303,340,336,358,597
306,362,338,361,596
314,406,338,366,597
319,444,338,367,598
323,475,337,367,600
325,510,334,360,602
333,524,330,352,605
337,527,328,351,607
332,507,326,353,608
328,452,326,355,606
329,414,324,356,602
339,348,324,357,598
349,270,326,356,601
362,206,325,358,601
368,160,326,354,602
376,133,322,355,607
382,149,316,353,607
384,181,318,350,609
380,247,316,337,606
382,275,309,329,607
395,286,299,320,607
414,289,291,325,608
423,269,278,327,610
432,237,275,324,611
432,219,270,314,610
426,180,263,301,609
411,165,257,298,609
396,150,255,294,607
387,136,248,270,604
380,127,254,255,601
380,134,259,256,599
384,140,262,256,601
390,157,269,256,603
395,183,272,274,602
400,206,272,283,601
414,219,256,289,595
434,226,243,289,589
447,239,250,289,588
457,244,247,277,589
464,229,237,279,589
469,223,225,286,589
472,220,239,299,587
471,214,258,316,586
461,218,266,353,585
451,225,274,375,586
444,231,283,384,584
456,228,264,376,584
471,218,236,381,585
484,207,222,382,587
501,214,190,381,588
520,220,184,391,591
536,232,187,404,592
555,235,188,412,593
570,226,181,406,594
579,226,174,392,596
581,224,172,384,590
575,219,175,380,586
578,227,182,381,586
587,242,188,392,585
595,254,194,400,588
593,263,200,401,588
588,277,201,399,589
584,299,200,405,589
579,308,203,409,589
569,313,207,412,588
561,316,213,418,590
563,316,226,421,589
565,319,229,428,589
565,321,229,430,590
571,318,231,437,591
575,313,238,437,592
582,308,239,441,592
589,303,236,442,593
594,301,233,436,593
597,296,217,431,591
606,306,214,438,589
619,309,210,444,587
629,309,214,457,581
639,321,222,457,574
643,341,225,458,569
644,355,228,463,564
645,371,236,464,568
648,381,241,462,571
645,384,252,458,575
643,396,258,456,580
641,413,271,457,584
640,428,276,454,587
638,436,285,460,592
635,455,298,467,595
629,497,311,471,597
626,530,316,468,601
627,546,313,460,603
625,543,291,461,608
619,493,258,462,605
608,426,241,465,598
586,324,230,471,592
544,214,228,471,590
491,86,231,450,584
416,0,227,420,576
376,0,227,423,574
367,0,226,435,568
372,0,217,442,566
391,139,198,453,563
416,274,185,464,566
444,336,189,478,568
465,339,193,490,573
468,331,196,497,577
454,309,211,504,580
437,275,219,508,578
447,243,245,507,579
463,221,264,500,582
478,202,276,494,581
483,192,274,489,573
477,179,266,489,575
473,167,259,484,578
453,159,251,483,580
420,165,254,484,583
390,172,256,483,584
370,202,254,482,586
364,222,261,487,589
341,231,268,488,591
334,253,269,493,593
321,270,273,491,594
329,284,274,498,591
328,273,264,504,593
328,274,244,498,589
337,254,231,502,586
348,259,214,502,584
358,263,191,498,587
329,259,187,499,581
264,248,209,505,568
245,248,216,507,569
228,223,217,515,568
222,255,219,518,571
227,271,226,517,569
244,294,242,512,570
271,304,246,513,572
306,304,234,506,572
330,292,227,512,580
315,296,233,513,584
264,290,234,500,586
232,286,230,478,589
220,278,228,481,594
210,286,218,471,597
198,290,218,461,600
219,270,213,455,601
251,239,211,462,602
300,227,216,468,600
349,225,220,477,599
394,234,220,479,598
430,254,224,477,596
455,271,222,480,597
459,296,217,471,597
452,308,221,453,600
438,326,224,450,597
416,369,238,446,599
412,403,246,448,603
412,430,253,447,606
427,442,244,438,608
442,436,233,440,608
449,399,215,446,606
447,366,210,444,600
443,307,205,437,595
433,279,197,428,591
425,252,211,428,586
421,261,227,435,584
418,300,239,439,586
424,378,257,442,590
412,449,272,444,594
415,479,282,433,599
415,542,281,422,598
399,549,274,427,602
380,535,266,422,603
374,484,243,427,599
368,407,226,429,591
374,283,226,435,585
390,130,228,436,579
420,22,217,421,577
440,0,192,367,575
454,0,133,277,571
456,0,98,220,561
476,0,70,194,559
488,0,68,199,563
476,121,87,221,573
461,248,37,254,577
436,252,75,280,585
424,251,83,329,591
419,197,90,365,592
421,127,86,375,593
430,77,82,378,589
471,49,78,387,582
493,60,75,400,578
500,85,81,409,576
508,113,88,423,574
511,165,90,431,574
516,182,98,422,573
521,198,100,423,574
510,216,99,418,574
499,222,111,409,570
502,224,105,400,565
510,235,89,389,557
534,239,63,395,543
555,226,42,364,515
566,227,24,361,500
563,226,27,361,495
565,222,39,376,490
568,222,53,388,485
554,232,78,420,481
550,238,82,439,480
558,235,71,446,476
570,231,44,446,461
574,231,27,440,448
578,243,25,440,448
584,250,42,441,455
591,260,45,443,456
594,267,53,443,461
592,274,50,443,468
590,281,54,433,471
579,271,58,436,473
573,277,60,433,480
582,276,79,433,484
598,278,68,430,476
619,272,47,439,449
634,268,30,450,424
644,267,23,451,407
649,267,33,455,403
652,269,42,462,402
652,273,52,458,405
651,272,103,463,407
655,280,105,456,409
660,270,102,452,408
666,256,87,454,388
675,237,79,462,371
684,226,79,467,368
688,231,95,478,371
691,238,118,481,371
688,244,128,481,370
688,247,136,472,370
689,253,140,474,369
690,257,145,475,362
693,268,150,482,360
696,284,150,482,359
696,302,150,480,361
696,316,158,476,363
696,323,153,482,368
699,327,148,483,367
699,329,143,484,372
699,340,155,489,375
702,394,169,494,378
707,493,175,499,372
708,525,191,501,365
707,539,186,501,360
703,534,158,495,365
693,490,145,490,372
678,432,81,485,373
656,319,59,475,375
634,178,48,464,381
588,0,27,459,396
551,0,24,448,414
517,0,37,423,437
499,0,38,446,456
494,0,57,453,463
486,0,57,469,473
468,0,40,474,487
452,197,55,478,502
431,312,79,467,510
410,353,89,445,522
398,353,96,443,530
387,335,117,446,539
383,320,136,452,548
410,314,163,458,553
430,300,160,465,558
433,284,163,468,561
434,278,151,462,562
433,279,148,456,563
436,283,149,453,563
422,294,156,454,569
398,310,177,454,577
396,321,180,457,581
403,330,189,462,582
395,333,188,465,585
378,322,195,464,589
377,331,208,459,592
388,334,206,453,595
406,341,218,453,596
421,347,225,463,598
428,347,230,468,600
440,343,227,469,603
434,321,219,471,605
404,298,203,472,606
362,293,204,472,607
317,295,201,462,604
294,317,212,478,602
297,331,217,483,604
292,328,223,485,604
264,293,219,486,602
231,287,222,486,601
219,284,219,488,602
216,294,225,489,602
219,291,223,479,603
211,272,212,468,605
198,256,202,466,607
182,248,212,465,609
166,231,225,463,610
182,253,230,469,613
217,270,235,470,616
253,273,239,468,617
261,272,243,462,618
260,260,246,446,619
235,243,245,439,620
220,248,239,438,620
209,205,234,433,621
192,232,234,437,621
175,253,236,438,621
155,263,240,428,621
150,290,246,411,618
168,328,251,410,620
175,364,236,402,624
179,390,247,397,628
188,422,253,402,629
188,447,254,405,631
195,467,256,407,638
193,510,260,405,645
189,533,274,403,649
198,571,275,402,651
188,579,276,402,652
178,555,264,405,651
173,501,256,407,647
176,403,238,411,641
192,173,215,415,630
197,0,212,419,618
234,0,206,424,611
274,0,211,425,609
297,0,204,396,599
329,0,183,361,599
375,0,172,343,592
407,0,154,324,588
420,0,153,327,590
432,84,163,351,592
452,165,149,404,594
477,189,169,434,596
495,188,168,448,594
504,149,167,448,587
502,120,154,460,588
494,100,146,474,589
496,106,148,483,583
512,106,151,492,589
523,122,147,500,587
528,150,156,504,578
535,167,161,507,577
547,174,159,514,571
557,185,164,523,564
569,219,165,524,559
574,234,160,531,559
575,253,164,532,556
575,264,172,535,555
579,279,177,534,555
583,278,185,537,554
584,275,188,538,552
584,271,187,539,550
587,269,188,534,547
595,278,174,521,536
602,261,152,519,530
601,261,140,524,528
600,253,137,520,525
604,246,141,524,522
607,247,143,524,522
607,247,141,525,521
599,247,148,526,507
587,243,154,530,508
585,246,161,532,514
591,239,152,527,521
600,233,136,522,518
613,225,120,521,509
627,235,120,518,492
632,243,123,521,478
636,251,128,520,471
635,258,135,517,476
621,254,142,518,480
615,251,147,511,492
618,241,146,504,496
624,227,127,507,494
633,212,110,505,487
637,196,83,495,471
638,196,64,499,466
638,218,79,497,463
638,236,95,500,465
636,250,104,500,473
638,255,99,490,474
638,265,95,478,476
632,273,95,475,473
627,281,102,469,466
631,284,110,465,459
640,285,113,447,456
646,282,107,446,451
648,274,103,445,453
651,268,103,449,445
644,275,118,455,447
631,301,125,461,456
619,377,146,455,457
612,442,159,461,453
608,522,168,465,455
599,538,168,466,455
585,516,155,467,457
575,469,133,465,456
576,380,93,461,453
579,240,90,457,450
572,52,84,451,451
561,0,43,442,461
545,0,47,419,482
521,0,45,390,504
478,0,39,388,524
462,0,58,391,544
452,0,54,390,553
438,95,40,382,552
425,268,42,368,547
436,313,76,333,550
421,316,93,317,562
385,295,105,332,560
348,245,99,347,560
338,214,106,372,563
341,219,118,381,564
350,227,128,383,559
357,243,129,384,553
365,265,139,381,554
373,267,145,375,557
381,256,152,369,562
387,258,157,377,564
372,261,179,391,566
342,275,191,407,563
315,284,197,418,561
331,291,201,424,563
349,306,206,426,568
372,305,211,428,567
380,301,212,428,568
385,292,214,434,567
388,300,216,436,568
389,305,226,442,570
384,323,233,445,572
352,327,241,448,573
296,327,241,452,575
196,310,241,444,575
117,289,230,434,572
39,276,234,440,573
60,262,237,444,571
102,285,234,452,570
155,302,238,463,569
161,322,235,469,568
156,330,235,471,564
156,338,237,470,562
159,336,238,471,567
159,322,240,468,572
166,319,239,463,576
217,326,240,463,580
255,333,243,464,583
293,342,249,470,586
309,358,250,479,589
311,368,252,480,592
307,371,250,475,595
288,367,250,469,599
278,366,254,462,607
281,374,256,457,609
307,433,264,453,619
346,515,268,457,622
379,581,274,451,624
399,609,254,459,622
405,623,237,449,616
400,594,194,450,613
380,535,152,448,601
338,460,111,442,581
297,349,72,428,545
282,215,24,417,522
260,64,0,425,514
258,0,0,425,501
287,0,24,395,506
302,0,22,366,493
311,0,18,357,488
330,94,25,350,489
348,207,40,369,493
373,254,103,395,503
412,251,126,427,516
454,262,147,446,533
479,238,164,456,539
475,185,174,466,539
441,161,182,480,545
407,143,185,481,543
391,126,190,495,542
403,125,192,503,535
423,136,192,509,536
451,132,195,518,535
466,134,201,525,534
478,153,200,532,528
484,174,196,534,526
486,196,195,542,521
484,220,200,544,517
468,236,208,551,516
456,237,217,545,518
458,233,218,538,516
477,237,218,539,508
498,225,222,544,484
508,239,224,546,462
517,257,240,557,454
525,270,245,561,444
530,276,247,568,442
533,280,252,568,456
542,277,245,561,459
553,269,237,559,453
563,273,229,550,441
565,268,212,544,431
562,265,209,542,421
564,261,212,545,420
566,267,216,543,420
567,271,217,542,415
565,273,217,530,414
559,272,215,522,417
539,264,214,515,417
523,255,220,522,418
510,260,221,527,422
505,266,228,535,423
514,272,228,536,423
533,276,217,539,420
544,277,210,538,418
547,276,198,538,419
551,277,201,539,420
549,281,203,541,423
549,284,212,537,438
548,324,225,538,442
550,440,237,540,431
553,487,237,541,428
556,519,229,542,423
556,500,215,540,427
547,457,188,538,427
542,400,169,538,430
538,293,133,534,437
528,181,108,527,458
516,60,80,517,477
502,0,103,520,486
498,0,101,515,496
496,0,93,488,504
490,0,75,444,514
474,13,62,398,519
456,153,44,374,524
424,224,48,367,533
390,249,75,362,539
363,257,85,376,548
342,260,125,383,549
344,284,145,394,558
349,275,154,376,561
362,244,155,364,565
375,257,147,360,565
383,259,156,364,566
380,274,169,368,566
374,283,172,379,568
367,294,181,386,562
365,294,182,375,563
363,296,181,386,561
366,308,191,396,558
373,301,194,394,561
376,298,191,395,562
364,301,196,410,562
337,314,206,417,559
328,293,218,423,559
326,279,225,420,563
318,255,221,418,563
294,231,221,411,559
268,231,202,399,559
221,244,193,405,554
189,258,194,415,555
162,272,196,422,554
128,288,207,423,554
93,278,193,414,558
27,254,179,387,562
0,239,170,371,564
0,241,164,372,568
0,255,172,359,573
0,259,177,354,577
0,231,178,362,578
0,227,185,372,577
0,226,191,381,576
14,227,187,388,581
39,236,191,390,589
79,254,193,390,592
155,350,210,403,596
252,423,236,417,601
305,510,246,427,602
353,580,242,427,602
372,626,224,423,601
378,626,213,424,602
377,604,171,432,603
349,527,145,427,588
294,414,139,411,566
224,219,95,404,551
173,0,52,411,541
137,0,58,424,539
150,0,64,431,544
186,0,82,429,541
231,0,88,416,542
258,0,88,406,538
299,0,74,399,544
324,147,77,425,552
353,253,117,462,563
385,247,141,489,572
410,246,159,505,579
421,231,160,521,576
433,204,181,532,572
429,182,209,534,564
431,166,202,531,558
435,192,200,528,554
441,196,203,530,551
446,213,204,538,547
447,222,216,544,541
447,236,229,550,535
452,241,226,558,532
457,238,221,562,533
455,236,218,565,533
447,223,223,564,529
422,218,224,565,531
394,195,219,561,534
372,174,220,550,532
363,174,229,542,538
373,193,220,550,541
386,187,209,552,539
396,197,208,548,536
415,204,206,547,538
414,208,203,548,538
388,211,213,555,541
332,216,215,558,543
299,221,225,552,550
313,223,232,548,552
354,239,229,557,549
357,248,223,568,543
342,243,250,576,543
312,254,250,578,536
279,259,248,578,536
206,260,248,574,539
155,243,249,587,541
101,226,268,595,538
98,215,264,602,533
95,221,268,607,531
99,229,270,610,531
101,243,268,615,531
100,251,266,621,528
102,249,265,629,529
102,242,263,630,530
95,220,265,632,535
84,211,266,638,538
80,196,265,642,538
85,187,265,645,533
92,188,261,648,528
95,202,261,653,524
89,205,259,657,526
84,207,259,659,529
72,207,263,661,531
62,188,266,659,535
55,183,267,659,536
54,171,261,664,537
50,156,256,667,536
50,164,254,668,538
77,170,254,668,538
99,189,253,667,540
133,256,266,667,547
175,312,263,666,553
193,360,266,665,548
201,413,276,665,544
199,451,271,662,544
194,454,269,659,546
180,436,265,656,549
183,423,254,652,552
185,380,249,644,552
187,323,236,630,552
189,230,231,613,551
199,139,196,590,548
221,59,175,559,548
240,23,164,541,546
269,36,162,528,550
303,120,150,489,556
328,184,137,456,561
346,227,144,421,564
351,251,134,387,568
350,278,118,371,565
340,280,118,360,569
350,262,123,370,574
357,274,145,384,568
362,288,157,396,562
370,285,166,406,552
380,291,172,394,549
392,308,177,392,548
400,314,184,386,545
407,322,189,370,554
411,333,196,374,559
409,351,198,389,565
408,352,203,403,571
396,336,205,407,577
370,335,209,410,578
338,331,216,412,581
305,325,220,421,581
274,331,225,426,582
232,335,230,425,581
166,340,234,422,584
118,343,233,420,590
99,339,226,423,593
121,332,223,431,586
131,322,223,437,583
63,302,226,455,578
0,281,232,448,573
0,252,235,424,572
0,225,237,458,573
0,204,244,453,571
0,187,242,449,573
0,187,236,456,572
0,183,228,462,578
0,186,217,469,577
0,208,220,475,574
0,228,229,483,574
0,232,230,488,571
0,231,229,488,572
0,224,215,497,575
0,229,212,500,575
0,240,216,507,580
0,262,219,510,582
0,303,230,511,587
0,354,247,513,589
0,378,261,513,596
0,413,268,509,599
0,464,273,495,600
41,515,275,475,600
70,540,272,454,598
117,544,266,438,596
112,531,259,436,593
89,465,245,438,589
65,363,225,437,580
19,95,210,437,575
0,0,202,440,569
0,0,215,454,560
0,0,219,473,554
0,0,214,477,542
0,0,208,500,532
0,0,209,509,521
58,0,210,515,528
91,0,227,520,546
132,0,241,543,564
149,15,271,565,584
192,0,276,578,586
209,0,286,589,591
222,0,278,600,594
231,0,268,604,590
227,0,272,604,582
217,0,280,603,582
208,0,292,602,583
216,0,292,602,580
214,0,285,607,578
205,0,288,609,578
210,0,283,610,576
233,0,270,615,574
266,135,253,619,571
295,193,245,621,571
297,229,252,622,570
273,239,255,621,564
258,252,258,621,562
242,242,260,619,559
244,243,247,618,560
249,232,244,621,559
252,214,241,622,556
236,198,257,624,559
201,202,256,624,562
155,203,255,621,565
88,203,260,619,567
61,201,259,620,567
34,186,248,619,563
31,166,232,618,561
31,152,247,619,564
41,163,240,623,563
43,178,242,626,567
39,191,251,629,568
30,206,257,629,570
46,209,261,630,571
18,198,261,630,571
12,193,256,630,571
16,194,251,628,572
38,203,248,630,573
43,203,254,635,576
50,207,259,640,578
59,213,260,646,576
64,218,260,651,575
70,236,254,651,576
70,237,253,653,576
69,250,252,651,578
55,263,258,651,580
36,267,259,653,582
42,268,262,650,584
58,246,256,649,582
70,225,251,653,581
76,208,247,656,579
78,210,241,654,580
77,211,230,652,580
70,220,237,652,580
41,228,243,656,577
38,232,252,659,577
43,244,254,662,577
76,271,254,666,582
110,321,254,668,587
171,435,253,669,584
201,493,245,668,583
220,538,234,662,580
238,544,231,656,581
244,535,225,647,581
247,497,213,632,580
242,425,192,609,571
232,350,173,591,568
237,238,144,582,562
261,113,147,571,562
329,0,144,564,564
396,0,137,545,564
439,0,128,508,566
484,47,121,477,560
506,211,115,460,561
525,294,125,437,562
527,315,125,425,563
521,303,144,418,562
486,277,153,423,570
450,258,167,426,571
432,234,180,444,568
433,211,188,462,566
445,211,196,470,563
459,230,206,460,560
469,239,209,440,552
473,251,209,428,553
468,254,211,425,554
457,261,210,421,559
442,262,211,418,564
428,268,214,423,568
417,278,223,434,574
405,295,248,460,572
396,300,256,474,564
400,288,255,471,563
431,246,247,451,568
473,220,241,471,570
492,233,244,486,561
504,244,231,493,550
497,258,223,493,548
501,273,225,500,538
499,280,233,514,536
498,291,230,523,527
502,284,224,517,538
501,269,231,515,538
497,266,225,508,537
508,266,214,495,536
528,267,219,478,531
551,272,221,461,519
568,288,221,439,504
577,281,223,416,490
577,282,223,393,481
578,289,239,401,472
574,277,240,410,462
576,258,250,431,450
582,237,257,443,446
590,226,260,456,432
597,211,260,466,422
599,213,264,471,415
597,222,261,481,409
591,228,272,484,408
584,244,281,490,398
581,259,287,491,388
580,255,288,496,387
585,257,282,501,384
584,248,281,500,385
587,238,279,502,387
588,240,284,505,391
589,259,289,505,398
592,314,294,507,411
596,388,303,510,413
598,440,321,515,418
597,471,325,525,419
590,500,320,534,422
578,468,311,536,429
561,414,295,537,434
547,240,284,539,435
516,0,282,543,435
483,0,277,538,439
447,0,271,522,440
420,0,266,505,451
401,0,265,502,454
427,0,259,518,458
467,0,265,530,463
496,0,280,549,469
519,81,302,577,486
524,193,301,600,485
513,284,306,613,490
488,285,325,625,496
458,274,321,631,506
427,247,316,629,505
383,210,310,622,507
340,192,301,621,506
306,207,293,621,500
286,202,290,621,500
282,192,286,621,497
271,173,275,617,499
276,171,279,619,495
281,174,275,621,495
283,190,272,622,492
276,205,274,622,492
259,216,274,619,488
234,220,273,619,492
209,225,269,616,497
205,227,273,616,501
204,216,271,619,501
213,204,274,621,496
220,193,274,626,495
224,194,277,627,496
237,184,269,629,499
226,159,263,630,501
193,148,263,632,503
156,113,260,623,504
93,101,259,626,512
76,87,251,630,522
67,96,253,633,526
115,123,239,634,528
163,157,223,633,526
197,186,216,632,527
210,187,225,631,521
191,165,230,626,517
170,145,240,628,519
161,139,244,628,520
151,134,246,629,524
160,149,248,628,531
174,182,262,629,534
182,208,259,630,537
177,231,259,631,541
177,262,262,631,543
167,311,270,629,549
149,357,277,627,555
132,391,288,623,556
97,414,293,619,559
72,424,298,620,562
69,427,300,617,563
82,446,298,617,564
91,490,297,615,564
103,529,290,611,563
120,543,284,602,564
123,541,269,595,563
119,484,223,587,564
117,411,172,580,563
143,261,124,571,561
168,81,94,559,559
186,0,92,560,550
235,0,94,544,543
267,0,85,523,537
296,0,64,489,533
319,0,36,442,522
358,0,36,407,519
403,0,41,369,515
432,101,37,316,523
418,233,61,309,529
396,288,72,336,532
377,302,83,357,542
362,287,86,363,546
364,261,81,374,557
354,238,81,380,558
351,212,78,379,559
351,197,57,368,555
369,186,63,369,559
374,176,64,382,561
387,180,102,399,562
393,186,107,425,562
397,198,112,442,561
403,198,119,446,561
410,207,119,453,562
414,215,119,454,562
409,236,123,450,560
403,234,131,457,557
407,230,143,465,556
413,215,149,462,558
419,202,150,462,558
419,204,139,469,557
417,212,135,469,551
400,223,135,470,544
348,215,137,474,535
313,196,151,470,533
278,181,149,468,534
274,98,131,459,542
287,111,131,454,543
284,131,138,459,546
293,152,154,462,549
281,158,164,466,550
270,140,156,470,550
260,123,148,458,550
239,90,140,443,547
218,47,143,430,545
198,90,134,414,542
193,125,135,412,540
204,156,140,420,540
228,171,145,433,548
254,172,156,446,555
257,172,167,452,557
257,168,175,458,557
242,165,187,459,559
226,128,191,460,559
218,172,200,457,560
204,179,201,456,561
198,194,198,445,561
182,198,192,438,565
164,146,181,437,563
153,72,179,436,561
160,30,180,440,566
162,35,192,443,569
174,67,204,448,571
179,128,219,444,570
185,188,223,442,574
195,240,229,438,579
216,375,246,446,591
249,492,256,451,602
277,561,258,460,600
297,580,239,464,595
311,585,235,470,586
285,552,198,472,582
235,492,179,472,573
139,396,172,461,563
5,244,158,457,549
0,24,151,455,537
0,0,154,453,532
0,0,149,464,528
0,0,145,467,527
0,0,136,474,529
0,20,121,481,536
0,244,139,491,546
0,332,142,502,555
0,372,134,515,564
27,400,148,524,570
16,371,179,526,575
28,333,191,533,577
31,298,204,539,580
9,281,201,545,578
0,270,199,547,579
0,260,191,551,577
0,241,195,554,573
0,266,202,561,570
36,264,207,562,567
65,266,216,563,564
84,269,226,565,562
98,270,228,570,563
102,248,230,574,562
99,233,233,575,560
85,230,238,577,564
77,239,244,578,564
89,247,242,581,565
108,258,244,582,565
127,264,239,583,561
129,263,238,586,557
115,265,236,586,557
88,258,234,583,560
47,258,238,584,561
8,260,245,579,564
0,261,247,581,563
0,263,251,582,562
0,254,253,583,560
0,243,254,587,559
0,226,250,591,556
0,217,247,593,554
0,215,247,593,556
0,214,256,596,554
0,210,263,599,555
0,206,260,600,554
0,205,260,602,554
0,207,268,605,554
0,208,280,609,553
0,210,280,610,555
0,213,281,611,557
0,221,276,612,559
0,239,279,615,561
0,250,274,619,560
0,261,284,621,561
0,257,288,619,563
0,262,296,617,563
0,269,294,614,563
0,290,299,617,563
0,356,299,618,563
49,441,300,620,560
100,487,298,618,555
135,518,289,613,552
140,526,279,611,547
128,498,267,610,547
105,432,253,605,545
88,289,225,588,543
91,94,204,562,540
113,0,190,548,540
163,0,181,538,538
242,0,173,529,530
316,0,155,486,521
378,0,141,425,503
423,0,125,387,501
447,0,97,324,506
447,117,92,247,516
436,233,93,213,518
413,278,106,198,530
384,283,122,197,551
374,285,106,206,568
365,282,101,238,573
353,264,106,278,573
347,231,103,295,570
363,207,109,311,564
380,201,120,316,560
390,207,124,307,550
398,223,128,312,545
408,242,139,317,549
412,254,140,334,552
415,256,145,346,553
409,257,148,357,553
406,263,148,347,557
408,258,144,340,558
409,255,146,345,556
417,259,146,349,554
424,257,131,363,549
436,253,113,363,548
446,259,108,357,543
446,266,110,364,541
447,270,117,367,539
449,275,127,377,543
447,283,125,365,538
450,296,110,347,528
457,296,82,331,520
465,285,57,336,503
470,282,54,333,494
475,276,67,336,494
480,273,85,354,493
479,259,107,369,491
455,261,128,383,490
434,261,151,392,494
426,261,159,386,503
416,251,162,363,505
415,251,160,349,511
414,262,154,356,512
407,256,153,370,513
398,240,147,384,513
393,226,139,400,512
388,197,130,413,512
364,171,123,413,516
334,155,123,406,511
321,132,145,383,511
319,137,150,363,506
350,140,156,352,503
402,142,163,366,497
450,155,170,390,493
486,173,175,407,491
502,191,182,417,486
509,254,197,434,491
505,331,219,446,494
503,437,238,455,492
499,492,245,460,493
490,525,248,465,496
478,531,242,466,501
464,510,219,463,505
452,454,186,462,508
436,373,171,466,510
420,256,154,471,507
403,43,143,469,508
393,0,143,469,512
381,0,147,465,516
367,0,145,453,527
338,0,144,441,534
307,0,136,428,538
260,0,114,438,543
252,0,84,439,546
249,92,81,452,542
256,184,87,470,546
275,263,124,475,544
252,280,144,480,541
193,275,157,489,535
126,254,150,497,535
80,202,128,510,527
94,179,122,524,520
106,167,120,531,513
134,188,113,537,516
147,202,112,543,518
147,218,112,547,519
143,242,115,544,522
148,251,127,548,521
164,266,132,536,519
186,266,142,529,515
191,270,141,522,510
181,279,138,522,508
221,282,140,513,512
240,284,139,505,514
238,284,141,498,513
232,285,145,487,512
220,285,150,481,507
211,290,144,474,506
195,289,133,450,506
190,283,119,444,508
192,282,120,442,505
151,276,107,440,507
137,276,108,438,511
128,283,118,435,516
98,288,119,432,519
67,291,125,429,522
20,290,122,419,526
0,288,132,400,530
0,283,133,378,530
0,286,140,361,535
0,290,147,350,538
0,290,171,345,542
0,288,185,352,541
0,290,193,359,540
0,290,199,364,544
0,284,199,364,547
0,277,199,362,549
0,278,199,360,550
0,275,200,351,552
0,277,200,352,551
0,283,204,356,553
0,287,205,361,554
0,288,209,364,557
0,292,210,365,560
0,293,214,365,560
0,292,219,374,562
0,290,224,377,563
0,295,223,375,564
0,295,225,375,564
0,293,223,375,565
0,298,222,376,566
0,301,224,379,568
0,304,226,376,568
0,305,228,381,567
0,306,227,377,567
0,306,229,383,567
0,306,229,384,566
0,306,228,385,566
0,307,222,386,567
28,306,216,386,568
39,305,214,383,568
44,303,216,383,568
48,301,214,386,568
50,300,216,387,569
52,300,217,392,571
54,303,217,394,573
56,303,215,393,575
57,308,216,396,575
59,308,212,393,576
56,307,214,394,577
56,307,213,395,576
58,310,215,395,576
60,310,210,391,576
64,312,210,398,577
67,313,212,399,578
69,313,213,403,578
68,313,212,406,579
69,310,204,406,580
70,309,203,400,581
67,307,200,396,581
67,307,205,394,580
68,306,208,396,579
69,305,212,397,580
69,305,214,401,579
69,303,212,400,580
72,303,218,397,580
73,303,215,387,580
74,294,211,377,579
72,283,212,378,579
70,280,213,375,578
70,280,215,374,579
71,285,216,377,579
72,287,219,377,579
72,292,220,380,579
73,294,222,381,579
71,293,223,385,579
62,293,224,385,579
58,293,224,385,580
57,293,224,381,580
61,292,217,378,580
62,290,212,382,581
66,288,209,394,581
68,286,207,396,581
68,285,205,399,581
69,285,202,401,580
79,282,204,402,581
71,284,208,402,582
70,281,207,404,582
70,280,204,405,583
72,278,198,406,583
73,278,200,406,583
74,279,193,407,583
81,276,189,406,583
81,274,186,407,583
77,272,185,410,583
74,272,181,406,583
78,270,170,397,583
78,268,160,398,583
74,269,155,401,583
76,271,157,405,582
76,269,166,411,583
77,270,170,412,582
79,269,167,414,581
82,266,157,416,581
80,265,150,416,581
81,262,153,417,583
88,264,150,416,582
92,264,146,418,582
96,269,143,422,581
96,269,141,427,581
97,266,142,427,580
98,265,139,425,577
96,267,144,431,577
93,271,150,433,577
91,271,145,431,578
95,270,143,428,579
96,270,145,427,578
98,269,144,430,579
100,264,142,431,579
101,264,141,430,578
103,262,142,431,577
102,263,143,431,577
99,265,146,432,578
90,266,147,430,578
79,271,153,425,579
77,273,157,422,579
77,276,158,419,580
85,276,157,417,580
94,274,155,416,580
107,274,154,416,579
110,276,158,418,580
109,274,160,422,580
92,274,159,425,581
85,277,168,427,580
82,277,170,430,581
82,278,171,429,581
82,278,178,430,581
87,279,180,431,582
98,278,170,431,581
110,277,164,433,581
117,275,166,435,580
123,276,169,437,581
128,275,173,436,582
138,275,171,428,581
142,274,173,424,582
120,276,177,425,581
87,277,188,429,582
84,279,188,432,582
84,279,191,431,581
83,280,193,434,581
85,281,193,434,581
105,280,187,432,581
119,277,176,427,580
120,279,177,429,580
102,276,180,435,581
97,278,183,436,582
85,282,185,435,581
83,283,187,435,583
85,284,191,431,582
87,286,189,426,581
107,286,182,429,581
113,286,184,431,581
119,286,186,427,581
122,285,188,427,582
122,285,191,429,582
103,285,189,432,583
88,284,185,431,582
88,284,184,432,582
88,277,183,432,582
96,273,183,429,582
98,271,179,425,581
99,270,182,426,