F1,F2,F3,F4,F5
280,374,316,240,591
284,369,314,236,590
290,370,311,235,589
293,374,314,238,590
294,374,316,241,589
294,376,318,241,590
292,377,319,243,590
293,376,320,244,590
292,374,318,243,590
294,374,315,241,589
296,373,313,241,589
298,373,314,241,590
298,370,315,240,588
297,371,317,242,588
297,374,319,243,588
299,375,321,242,589
300,378,324,241,590
300,378,326,244,590
302,379,327,243,589
304,377,325,245,589
305,378,325,245,589
307,379,326,246,589
309,380,328,249,590
308,380,331,252,591
308,380,330,256,590
313,380,330,256,591
319,379,329,254,590
323,379,329,255,591
327,377,328,255,591
331,376,327,254,591
334,375,326,254,591
335,374,326,254,592
334,373,326,255,591
336,373,326,256,590
337,373,327,258,591
340,373,328,258,592
343,376,330,260,591
345,380,332,260,592
347,382,332,261,593
349,383,332,261,592
351,382,331,260,592
351,383,332,262,592
346,385,332,263,592
345,385,333,262,593
347,384,335,261,595
353,381,334,262,595
359,377,333,258,596
363,377,332,259,596
365,380,332,256,596
369,384,333,259,597
375,384,334,263,597
378,389,334,265,597
377,389,336,267,597
379,386,339,268,598
382,397,341,270,601
387,420,343,270,602
387,443,341,271,603
394,465,338,269,604
401,472,333,270,604
403,482,329,267,606
408,498,329,266,607
407,506,327,258,606
391,509,325,257,606
390,494,325,256,606
380,457,326,258,605
374,412,321,265,603
376,338,319,271,602
379,263,325,270,604
382,222,328,272,607
386,165,327,274,608
388,160,330,278,607
390,187,330,280,606
395,230,331,281,604
395,291,327,280,604
397,344,323,275,603
401,366,321,275,602
404,377,317,274,600
406,378,320,277,599
407,366,315,279,598
406,362,304,274,599
407,340,290,268,596
405,331,281,251,593
408,321,268,259,591
420,307,267,243,588
429,307,268,240,585
441,300,267,250,582
457,289,266,254,575
463,276,248,258,571
468,270,252,259,564
471,273,258,252,563
468,260,259,250,565
466,256,259,237,566
466,257,262,238,565
469,267,263,231,564
471,265,266,234,563
471,264,271,232,563
472,268,273,234,567
474,270,274,233,567
477,275,273,236,567
478,281,275,239,568
473,283,274,240,569
458,284,278,241,569
449,280,281,239,568
439,276,282,237,566
427,280,282,244,564
415,286,284,246,563
401,294,286,247,563
369,304,291,253,562
325,312,300,258,561
307,308,303,256,560
298,294,303,251,557
302,283,305,255,557
301,291,306,257,557
304,296,311,268,557
310,301,311,266,555
308,271,310,268,553
281,223,312,263,553
260,197,308,266,558
261,171,297,270,557
288,183,303,281,558
317,227,301,291,560
377,244,304,267,563
439,280,305,261,562
485,301,283,232,555
499,317,253,210,548
490,329,240,208,539
474,334,242,213,537
468,329,233,225,538
457,325,234,225,538
446,314,235,233,539
445,299,229,237,539
459,287,221,250,540
478,289,222,261,541
487,291,225,274,541
469,293,230,296,541
453,299,234,308,543
457,293,236,327,547
458,298,246,310,553
460,304,248,307,558
453,313,255,308,561
445,324,257,313,563
430,324,263,317,564
432,317,262,322,565
437,309,256,318,565
435,303,247,318,563
438,298,252,331,561
464,292,253,339,557
515,292,242,349,552
562,276,235,355,543
598,276,215,371,535
620,282,218,381,531
632,291,227,387,525
633,292,236,398,524
631,300,243,400,525
621,309,248,402,531
613,315,252,398,536
600,331,256,383,544
593,352,265,378,554
588,401,272,375,561
590,453,288,378,566
585,496,291,382,568
578,502,286,374,572
570,509,288,373,572
561,508,289,370,571
550,459,277,371,568
526,360,248,375,563
487,280,223,383,559
444,135,219,376,560
421,44,201,376,559
396,0,201,382,560
379,0,221,385,561
354,0,216,380,560
347,0,222,368,561
350,0,221,367,563
354,17,219,371,566
366,199,234,372,567
385,279,236,378,568
404,307,245,374,571
418,312,250,372,571
430,301,256,367,569
444,277,252,364,566
454,261,239,348,567
450,254,241,340,569
439,223,235,330,569
413,210,241,326,568
383,228,243,331,571
376,266,257,326,571
390,290,258,331,572
400,312,261,339,572
398,316,263,343,574
404,307,256,351,572
413,288,250,371,569
436,286,266,386,564
458,301,265,398,559
472,301,265,406,559
484,313,265,407,558
494,326,257,409,550
509,329,247,415,547
525,332,238,426,545
539,335,231,431,541
554,323,229,438,542
565,318,227,444,544
578,316,217,447,545
586,312,214,449,545
588,318,211,450,545
586,326,213,443,544
583,331,213,439,544
584,331,215,440,536
590,329,211,440,536
593,326,207,437,535
592,320,183,437,535
600,318,180,432,537
606,308,166,423,539
605,303,162,425,538
600,305,165,421,537
598,324,169,419,539
597,334,174,416,541
596,348,177,422,545
587,377,203,427,555
574,463,216,439,561
570,543,230,441,566
571,582,214,441,568
576,593,207,437,568
580,581,182,427,561
574,534,142,420,552
562,464,93,424,548
557,337,73,423,539
559,220,63,422,536
562,77,66,423,539
565,15,68,422,541
569,6,62,392,537
579,41,46,347,532
585,98,0,280,525
587,226,0,252,523
600,346,0,248,528
608,422,0,265,536
611,442,0,293,545
611,442,0,312,546
612,401,0,344,540
611,346,12,387,543
615,296,59,413,547
623,245,91,434,550
627,221,101,434,548
629,246,102,439,542
628,263,112,447,541
621,247,124,453,539
621,254,128,462,536
622,233,135,469,537
624,229,134,473,536
626,226,134,472,537
627,232,129,469,536
626,241,131,467,535
622,254,137,469,533
619,264,139,470,532
618,249,136,472,534
626,250,117,468,533
640,247,94,463,526
653,241,67,453,515
659,221,67,441,509
655,219,70,435,507
654,212,76,431,504
648,185,90,432,505
632,176,106,434,505
603,137,126,433,504
568,78,128,428,502
539,19,120,412,504
504,13,103,405,514
464,16,91,394,522
455,33,80,391,527
438,71,74,394,528
421,93,66,391,526
398,105,60,397,527
394,113,55,411,527
400,119,58,417,530
406,134,60,418,534
415,139,62,419,538
435,153,62,424,543
475,182,73,428,545
501,235,88,436,549
506,282,99,449,549
509,323,121,458,553
512,368,134,458,559
523,411,140,459,563
541,466,145,457,566
554,535,146,455,567
566,560,141,454,564
567,569,127,451,563
570,558,103,450,560
572,496,63,447,552
566,426,0,431,542
543,332,0,421,538
522,229,0,429,534
511,120,0,432,537
501,56,0,435,539
480,56,0,443,544
471,70,0,445,550
469,129,0,444,552
472,221,0,446,556
468,313,0,433,565
472,349,28,430,575
475,347,49,433,578
480,322,64,434,579
470,315,71,428,578
455,294,70,415,577
443,281,68,403,574
428,255,74,386,575
419,230,78,382,575
396,235,84,376,573
373,252,88,377,574
363,262,92,376,575
376,265,96,377,578
394,259,99,362,579
443,277,102,356,582
516,303,112,372,587
564,322,125,375,588
586,342,132,373,583
599,359,139,360,582
606,328,132,345,583
604,317,118,330,586
600,300,117,323,589
598,302,120,317,595
595,306,135,312,600
579,323,137,309,602
552,299,133,302,602
512,258,122,283,600
463,205,113,268,601
428,185,127,251,601
410,152,139,240,602
417,219,145,237,603
429,279,135,236,601
434,309,142,245,600
440,338,145,258,599
451,360,149,270,600
466,402,165,280,604
483,451,173,287,612
495,502,179,290,617
500,551,182,287,616
483,552,180,285,617
461,559,172,284,614
441,544,158,283,612
438,504,128,281,608
437,476,111,281,602
440,407,112,270,591
438,342,110,256,590
442,273,104,210,581
443,230,63,193,574
449,214,51,200,568
453,246,56,234,572
459,299,86,255,581
474,348,121,284,587
479,340,147,323,593
485,299,175,357,599
483,266,177,374,601
490,252,184,381,604
501,230,185,391,603
513,213,196,408,606
522,217,196,420,608
526,215,198,430,607
532,223,201,448,607
542,213,199,453,608
549,212,186,456,605
551,212,176,457,601
547,206,181,458,599
534,201,180,459,598
513,205,194,462,598
486,216,199,459,600
477,234,203,450,601
497,240,208,457,601
535,233,188,466,600
570,229,173,464,594
589,222,171,468,588
598,221,169,474,587
599,227,174,477,587
597,239,181,483,588
584,237,183,483,589
567,233,184,482,591
550,210,187,478,595
542,192,182,480,595
538,187,185,486,596
535,189,177,490,595
527,187,173,492,596
520,186,169,497,597
503,170,161,495,596
491,154,157,498,595
484,135,153,498,597
475,131,149,493,596
464,140,148,497,597
451,148,149,498,598
432,148,148,502,600
418,149,148,502,603
417,148,150,503,603
418,138,153,508,600
419,131,153,508,601
411,130,156,508,601
380,123,155,509,601
371,111,155,511,603
394,119,157,517,603
403,135,158,518,602
407,166,166,523,601
418,185,170,523,604
433,201,169,525,605
439,227,173,529,604
445,270,180,534,606
446,296,184,536,610
440,321,191,537,613
429,338,193,537,614
429,343,195,540,616
443,380,202,542,621
473,472,208,543,625
521,538,203,544,627
554,579,203,544,625
572,603,201,541,622
580,612,190,538,618
580,590,161,537,618
564,537,142,539,617
537,453,129,539,619
494,383,112,538,617
458,261,103,535,617
407,184,92,538,620
348,116,81,532,625
303,46,70,527,631
239,0,72,523,633
162,0,89,519,634
124,127,93,503,634
67,231,95,478,636
0,275,106,439,636
0,291,100,388,638
0,289,109,350,634
0,254,108,328,633
0,253,115,327,635
0,245,113,301,636
0,238,127,267,637
0,240,113,240,638
0,239,112,202,638
0,227,107,163,638
0,230,86,147,640
0,241,91,139,642
0,258,90,136,645
0,269,91,133,651
0,276,82,124,651
0,287,83,110,652
0,301,86,124,654
0,324,93,161,655
0,340,98,191,657
0,360,110,222,660
0,364,115,247,662
0,370,118,277,667
0,376,124,293,669
0,373,126,321,668
0,356,127,342,665
0,329,133,344,665
0,318,135,350,666
0,320,143,369,664
0,331,142,379,666
0,354,146,392,664
36,367,149,403,665
126,372,150,423,664
231,389,158,433,667
300,396,164,433,671
366,396,166,442,674
414,394,166,449,674
454,391,176,461,675
469,390,182,479,679
478,384,187,490,678
479,395,203,497,674
468,392,208,500,675
463,385,213,496,673
481,382,220,493,671
511,398,220,498,670
543,432,227,503,670
567,492,241,504,683
582,559,242,503,690
593,602,253,500,688
596,629,239,496,686
600,627,223,493,688
595,576,186,496,680
571,526,167,498,675
552,459,130,500,670
522,354,127,507,664
497,240,144,509,663
468,122,143,512,656
452,93,151,510,648
450,98,157,505,644
463,149,145,480,641
484,244,115,467,636
505,325,105,462,637
526,353,131,482,639
539,346,155,513,640
542,319,202,532,638
545,263,221,547,637
547,188,233,556,635
554,137,247,562,636
559,86,250,562,634
565,65,245,566,626
570,40,248,574,624
575,30,240,580,623
580,43,236,587,621
582,65,240,591,621
587,102,242,595,620
592,134,244,597,619
599,151,246,603,616
603,167,242,607,611
606,200,247,610,609
606,209,258,612,604
603,214,262,613,602
592,201,261,611,598
588,197,261,613,598
595,196,249,619,597
603,196,242,623,596
615,215,246,627,594
623,233,242,630,592
626,223,237,632,586
622,209,232,633,579
618,193,239,633,579
601,176,241,628,584
583,170,240,625,590
569,158,228,627,592
566,153,225,626,595
551,155,218,627,593
540,170,218,627,592
527,199,215,628,592
516,178,214,629,594
511,164,209,632,595
507,146,208,635,598
502,138,207,635,601
500,137,213,638,602
496,143,220,640,602
500,155,221,639,601
508,179,221,640,600
525,194,228,640,601
536,216,229,639,600
538,239,237,641,601
534,260,244,641,602
525,301,242,639,610
518,353,252,634,617
511,402,259,630,621
514,449,263,626,623
525,497,262,621,625
534,529,259,618,623
543,537,246,612,619
543,501,229,611,616
539,449,215,609,609
535,372,186,606,601
534,285,165,605,601
531,177,155,599,600
525,76,142,595,599
522,21,131,586,589
513,0,119,577,584
494,0,98,556,578
480,78,117,537,567
466,179,109,519,567
456,276,126,504,565
452,331,153,492,570
448,336,166,491,576
450,322,163,488,579
454,315,162,485,581
458,312,162,475,577
460,300,161,466,576
461,310,174,456,579
465,316,175,462,580
469,322,173,461,580
472,331,174,457,582
469,336,181,458,583
473,338,184,460,582
474,344,190,465,585
461,349,197,469,583
453,346,202,460,587
451,357,205,445,589
455,350,206,425,589
459,346,204,408,593
467,338,196,412,592
472,337,192,422,591
490,337,200,434,591
505,339,199,437,590
518,346,193,444,589
526,343,196,441,593
531,330,193,426,597
530,325,185,406,599
528,327,186,396,600
523,336,191,387,600
511,346,184,382,601
491,370,193,384,601
491,395,200,379,608
494,433,206,389,609
498,464,212,403,610
504,508,228,414,613
510,559,237,421,613
514,592,234,427,611
515,613,229,434,611
512,606,217,431,606
502,574,199,422,603
491,516,176,398,599
482,464,154,386,595
471,381,155,390,593
448,288,176,401,599
422,238,174,409,606
377,218,188,420,612
359,236,198,423,615
356,273,205,418,620
360,320,196,422,615
371,358,190,433,609
389,364,196,453,604
395,357,202,475,599
384,319,223,495,596
347,280,227,505,590
302,273,235,510,586
275,263,239,514,586
266,284,241,513,583
255,311,247,514,570
247,322,256,513,566
245,329,258,514,560
246,333,256,516,556
252,322,237,513,548
257,322,238,510,542
273,318,237,507,528
281,317,231,504,525
281,319,230,506,529
290,343,239,508,532
296,350,243,511,531
303,360,245,514,530
305,364,248,515,531
309,359,238,514,526
306,356,231,511,527
300,353,226,504,527
290,349,224,500,523
283,347,229,500,521
271,348,234,504,523
259,348,238,504,525
255,338,229,504,525
253,320,226,499,524
247,307,224,493,525
243,301,224,485,526
220,298,225,477,525
189,299,226,472,528
181,284,233,475,534
189,290,239,475,536
200,294,244,485,539
211,291,237,491,538
214,283,236,494,537
215,271,233,498,539
208,282,235,501,538
209,290,240,504,539
217,295,237,509,538
228,297,242,513,540
239,310,246,514,547
264,373,250,516,560
284,476,252,519,562
312,540,256,522,558
340,578,251,521,551
347,598,250,518,551
349,587,235,517,552
344,543,202,512,550
337,481,136,492,551
344,432,114,480,556
358,338,110,478,562
386,288,126,474,569
414,266,136,461,573
447,278,141,443,580
465,336,140,405,582
474,373,146,375,588
475,395,150,350,592
472,411,152,325,594
462,429,159,311,596
449,429,171,323,597
431,417,179,319,597
426,385,179,320,598
433,371,186,334,597
447,365,192,338,594
453,354,194,345,590
452,339,194,348,588
437,320,199,340,588
416,297,202,333,586
395,303,206,332,587
369,308,213,337,588
338,324,220,340,589
325,311,225,331,591
331,283,221,308,592
350,263,209,303,592
378,264,204,316,591
398,256,202,326,588
408,270,212,330,587
416,277,218,333,586
421,284,228,335,588
427,294,228,320,590
431,304,228,310,590
435,328,223,312,590
451,340,215,313,589
456,361,203,304,587
452,373,221,296,582
443,382,232,288,579
441,391,241,274,580
440,401,249,253,582
442,423,254,238,587
449,468,259,244,589
458,508,261,256,588
462,537,261,265,584
460,556,262,288,580
453,562,256,302,579
435,535,249,321,581
407,472,231,341,582
374,399,203,350,582
317,310,182,359,576
273,198,186,366,576
227,115,193,389,575
223,38,215,396,580
257,50,218,400,580
303,99,202,402,581
354,190,202,412,580
379,295,206,424,580
390,345,220,438,581
387,372,238,450,585
368,377,247,459,590
356,362,247,468,591
330,351,257,469,586
324,315,258,466,583
305,293,264,471,579
300,284,256,468,576
295,282,254,469,570
290,286,257,475,571
291,291,256,480,571
292,291,254,485,573
287,290,252,491,572
287,290,247,495,574
291,292,248,497,576
295,291,239,499,577
289,288,238,498,577
276,291,241,500,577
266,294,239,497,577
259,298,231,496,576
258,291,221,495,576
254,286,217,489,578
258,289,215,487,579
256,288,213,485,581
239,287,218,491,582
229,291,232,495,582
230,295,237,494,583
232,286,230,496,582
239,268,219,495,580
231,266,217,497,579
223,267,221,495,579
206,277,223,490,579
200,280,226,488,578
196,291,228,489,581
192,292,229,489,583
194,290,222,496,583
203,291,212,500,584
213,292,215,497,588
227,302,219,502,593
262,325,221,505,599
308,415,233,512,606
346,496,247,522,605
373,543,255,527,600
384,571,258,528,597
388,580,243,525,596
388,548,230,520,598
382,490,211,511,594
378,411,183,497,591
388,317,152,467,586
416,217,141,455,583
460,113,134,451,582
497,87,144,438,578
530,69,150,415,573
547,83,158,393,570
554,175,155,362,569
558,245,169,342,571
555,307,173,339,576
543,325,171,338,583
532,333,168,335,587
527,333,169,340,590
525,312,172,347,591
524,274,177,358,591
526,262,181,360,586
528,255,184,360,583
530,254,189,361,584
530,250,197,358,588
528,258,199,351,591
513,269,208,355,593
484,280,210,363,594
470,295,221,370,603
471,302,230,372,606
480,301,233,360,607
489,295,224,353,606
501,282,206,352,606
514,283,202,355,603
530,292,213,356,599
550,286,224,345,593
566,287,220,325,582
582,282,205,292,561
592,277,177,264,537
601,279,176,245,530
601,271,187,238,526
598,262,191,235,524
601,266,204,234,519
604,293,217,238,520
597,300,227,251,520
582,311,242,252,523
563,321,249,257,524
548,346,257,268,530
544,376,264,270,542
540,418,269,276,544
543,459,269,280,547
551,503,270,294,547
560,521,262,309,547
558,530,264,333,554
553,531,265,348,551
544,484,259,367,554
521,416,240,374,553
479,323,197,371,560
424,188,189,360,564
381,69,183,341,567
358,0,193,324,569
336,0,204,322,573
334,0,209,317,575
329,0,207,329,572
334,44,197,350,570
372,143,223,388,570
404,220,226,427,571
411,268,241,456,574
417,280,247,476,577
398,268,251,489,579
371,246,246,502,576
341,241,254,509,571
327,247,259,509,566
332,240,256,518,565
348,259,257,519,560
367,264,254,523,557
378,275,248,526,557
379,281,247,526,557
382,281,238,523,556
382,284,238,527,550
383,293,239,530,548
386,298,237,528,545
393,301,235,529,542
399,304,237,533,537
406,303,243,535,538
403,301,242,536,537
399,310,241,534,537
393,311,233,533,534
391,314,238,534,536
388,314,236,534,536
387,317,237,537,537
391,323,239,542,539
393,329,243,543,539
392,327,240,545,541
389,318,234,544,543
382,307,223,540,542
375,291,211,541,540
368,302,215,542,539
355,304,224,542,540
352,313,228,541,540
363,330,230,540,544
388,367,235,543,546
410,424,243,546,547
427,463,250,551,545
437,508,251,553,545
450,519,232,553,549
450,498,231,552,553
433,453,223,549,557
423,388,184,543,557
423,293,139,538,554
433,131,138,534,551
463,46,119,529,554
499,0,110,513,558
531,0,111,480,557
550,0,104,440,558
570,0,92,398,559
578,50,101,391,557
577,206,99,368,560
558,292,99,342,563
543,329,114,352,571
535,338,120,361,584
538,337,125,374,594
542,319,128,374,598
547,285,127,382,600
551,278,123,386,597
558,267,121,395,593
562,275,117,402,594
560,282,123,406,597
554,297,131,409,602
537,309,150,405,603
524,326,171,396,606
502,332,174,394,610
492,340,181,393,611
488,348,185,395,613
501,342,182,389,617
525,326,169,387,618
541,317,169,390,619
547,324,178,401,618
555,332,188,405,619
561,334,192,388,618
565,320,185,383,618
568,333,168,358,615
570,315,161,322,611
569,314,151,321,608
567,324,156,324,606
569,323,168,330,599
574,316,170,334,597
573,323,166,338,597
562,338,175,336,599
553,352,186,321,606
544,368,192,326,611
537,410,204,334,617
529,464,224,338,621
528,503,225,348,622
527,526,229,366,622
532,535,228,380,623
538,524,217,394,622
540,483,208,403,620
534,437,205,406,612
526,354,185,403,608
507,272,151,387,609
494,179,153,377,611
471,106,167,378,614
444,69,173,383,618
416,80,178,386,623
398,145,185,394,626
385,227,190,394,626
373,281,193,387,627
359,321,201,379,628
331,354,217,380,629
289,353,222,381,630
260,342,220,379,629
230,334,210,383,629
208,321,213,388,629
177,320,203,393,629
165,303,214,386,627
149,308,226,383,624
141,322,233,394,624
159,330,235,406,625
167,331,228,416,627
157,305,225,432,625
192,267,230,457,620
278,277,212,464,609
328,267,209,474,602
353,274,206,491,598
355,268,201,507,601
336,274,201,517,599
318,274,209,527,594
318,288,215,537,591
325,288,210,543,574
322,288,211,547,566
323,283,212,547,564
326,285,215,548,555
331,287,216,546,555
328,284,220,543,558
330,284,218,546,558
320,275,217,546,561
308,271,215,546,563
302,265,213,541,565
302,264,213,540,565
302,273,213,542,566
300,282,215,543,566
296,286,218,547,566
295,293,222,549,568
284,272,221,549,567
266,237,212,553,567
272,202,196,554,566
270,174,195,554,564
269,177,196,559,564
276,194,198,561,561
280,234,206,567,559
279,231,207,569,559
277,224,205,571,557
278,221,206,575,556
276,228,210,576,556
288,240,212,575,555
295,249,217,576,555
300,260,216,577,555
309,271,216,577,555
334,315,214,578,557
376,376,223,584,559
417,471,229,586,561
441,541,229,587,565
444,589,220,580,565
443,598,203,579,566
440,582,187,578,569
438,541,147,577,570
430,462,103,564,569
426,350,94,561,567
434,227,79,560,566
457,143,78,564,564
489,79,62,561,567
512,96,55,539,567
532,89,46,505,570
541,121,51,471,571
538,180,36,445,576
527,246,39,427,579
514,272,32,418,582
509,280,43,408,582
519,252,49,395,584
531,221,50,404,587
535,193,53,417,589
538,154,31,427,586
541,132,26,426,585
544,131,28,413,589
550,142,27,415,591
550,155,33,420,594
548,161,38,425,596
546,173,43,434,598
531,169,58,449,599
527,172,76,455,601
516,173,91,463,605
513,178,101,461,604
513,187,104,449,602
512,167,101,429,599
515,172,94,418,600
522,153,95,416,601
533,148,89,415,601
541,163,98,420,600
543,194,111,427,599
541,228,117,430,599
540,248,120,424,601
542,245,118,410,603
545,238,99,403,604
550,220,69,403,598
560,194,53,397,590
574,197,46,403,587
582,193,37,408,585
591,211,62,414,584
596,218,89,408,585
596,238,110,412,585
590,256,134,405,589
589,274,158,401,593
590,288,165,393,597
590,323,170,401,598
585,356,179,418,600
581,426,182,428,603
581,504,199,438,603
586,543,202,445,605
584,563,211,450,605
583,569,212,444,606
584,560,201,439,607
583,531,197,433,606
572,481,185,434,604
558,440,147,431,600
539,348,137,430,596
529,240,147,432,598
522,146,155,432,601
516,73,155,434,602
504,0,159,435,603
491,60,167,433,604
481,116,171,427,609
468,205,175,423,613
456,272,175,419,612
441,306,179,420,612
429,308,183,420,615
391,318,184,425,618
354,326,183,437,621
326,307,187,442,621
321,289,194,444,622
295,293,200,445,623
270,287,201,455,623
247,288,192,461,623
248,288,185,467,622
247,293,183,466,623
233,298,182,464,623
220,303,179,459,622
217,307,176,453,621
215,313,174,442,622
220,317,176,436,622
230,321,182,430,622
239,327,190,424,620
250,332,198,421,621
254,333,196,423,620
257,336,193,419,618
256,338,193,415,615
255,339,194,408,616
248,340,197,398,615
236,339,199,389,613
231,345,203,384,608
232,345,199,384,611
235,348,193,385,612
237,351,186,381,614
239,353,184,369,615
242,350,183,365,617
241,346,187,358,619
237,346,191,352,617
227,345,191,351,617
217,339,188,351,616
213,334,189,348,615
209,331,190,343,614
205,316,182,338,614
207,324,190,331,613
202,322,184,332,614
202,314,181,326,613
200,315,183,322,614
202,316,184,316,614
201,312,181,314,615
205,314,182,309,614
202,312,181,312,614
191,310,179,313,611
187,307,185,315,611
179,310,188,320,611
174,316,194,324,610
178,323,194,329,610
182,327,199,330,610
186,329,199,330,611
186,324,192,331,611
185,316,190,338,612
182,316,189,342,612
183,314,188,343,614
181,315,189,346,613
179,313,191,346,613
183,313,191,346,613
187,313,192,347,614
187,316,193,350,615
190,314,196,351,615
197,316,197,352,614
196,318,198,355,614
199,321,200,357,614
195,326,201,358,614
199,327,199,358,614
200,329,196,359,614
196,330,196,360,614
191,335,198,361,615
191,338,198,362,614
191,340,200,364,614
188,342,203,364,614
187,343,203,365,614
187,344,204,367,613
191,344,203,363,615
198,344,203,363,615
197,344,205,364,616
192,345,208,366,616
179,347,216,368,617
161,345,220,372,617
147,346,224,375,616
123,350,224,376,615
122,349,229,377,615
123,348,230,377,614
120,349,230,368,614
143,348,232,357,614
158,349,231,354,614
166,348,230,352,615
178,348,224,354,615
