F1,F2,F3,F4,F5
469,253,509,770,190
470,253,508,770,189
471,254,508,770,189
473,255,508,770,189
474,257,509,770,189
473,259,510,770,190
473,261,511,770,191
474,264,511,770,191
477,264,512,770,194
480,265,511,770,194
481,265,512,770,196
483,262,513,770,197
485,262,512,770,197
487,265,512,770,198
486,270,513,770,199
484,274,513,771,199
480,275,513,771,200
477,278,514,771,202
477,278,515,771,201
479,281,514,771,202
480,282,513,771,202
481,281,512,771,202
485,278,512,771,201
488,292,515,771,201
497,342,515,772,204
503,402,514,774,202
507,447,515,775,199
509,470,516,777,197
515,494,516,778,195
516,479,512,777,200
513,402,511,775,191
505,333,502,774,183
493,101,497,771,178
480,0,504,770,178
491,0,505,771,175
502,0,507,773,179
513,0,508,775,189
522,0,508,775,200
530,0,506,776,205
537,0,505,776,212
546,141,496,775,214
552,206,494,773,217
565,246,491,772,218
573,268,472,770,219
579,254,458,768,218
587,237,450,769,212
593,205,448,770,207
582,179,455,773,198
570,140,455,774,192
563,123,453,773,188
557,130,454,774,186
546,133,454,776,185
541,149,460,780,180
539,165,462,782,179
541,172,451,784,177
545,166,443,784,168
547,149,434,783,176
548,152,438,781,179
549,155,442,781,182
548,168,446,780,190
543,175,450,780,192
531,185,453,781,193
526,184,453,782,193
533,182,453,781,192
541,188,455,781,187
537,200,458,781,189
538,214,463,781,193
536,230,468,782,199
528,240,471,783,197
516,253,473,783,199
503,257,473,783,197
496,258,474,784,198
496,259,473,784,199
503,259,472,785,198
516,256,474,786,191
529,248,473,786,183
536,233,473,786,177
546,227,474,787,175
549,229,474,787,172
554,231,477,789,171
559,238,478,790,174
560,252,479,790,182
552,283,481,791,192
553,335,485,791,198
555,408,492,791,201
560,443,497,792,201
564,470,499,792,200
569,477,503,793,197
569,452,505,792,196
564,387,502,792,195
554,256,491,790,191
538,88,485,789,190
522,0,470,788,190
509,0,464,788,192
498,0,458,788,193
487,0,455,788,196
482,0,443,789,195
491,35,435,790,194
503,167,442,791,190
515,245,434,793,189
519,284,427,796,184
522,281,415,798,183
511,256,411,798,179
501,238,404,798,174
491,223,395,798,159
492,214,382,799,158
509,217,383,799,158
512,220,387,799,157
497,216,393,800,155
478,223,404,800,153
469,226,411,799,156
469,234,415,799,169
474,249,421,799,172
472,256,426,800,177
467,250,428,801,177
469,230,428,802,170
479,229,430,803,170
494,241,432,803,167
516,268,435,803,169
538,351,440,804,176
549,438,450,805,179
555,487,465,805,176
554,521,461,805,176
549,484,450,803,177
544,387,431,800,173
540,227,408,798,153
535,33,359,796,139
538,0,325,793,109
557,0,273,788,98
572,0,261,781,104
583,0,282,777,97
595,0,289,780,82
595,69,308,782,82
597,161,341,787,96
606,214,368,791,102
613,225,381,793,106
608,226,391,795,105
604,217,403,797,100
601,202,408,799,103
607,204,412,801,106
618,207,414,801,112
622,206,410,802,104
629,208,403,800,84
632,206,391,799,70
633,205,385,798,69
631,201,382,797,68
625,201,387,797,72
614,204,397,799,82
608,203,382,797,86
612,192,352,796,79
619,166,319,793,69
625,152,302,792,57
629,158,315,791,50
631,155,332,793,46
636,155,352,796,54
641,174,376,796,67
641,196,399,797,72
634,218,412,800,78
638,260,420,801,90
644,353,425,801,106
652,447,433,802,110
655,503,444,803,111
660,537,452,803,108
665,552,447,804,102
663,517,439,804,100
659,442,433,804,103
644,299,415,804,102
623,137,371,802,102
583,0,344,800,109
566,0,321,799,117
558,0,301,799,110
548,0,287,798,114
536,0,279,796,119
531,0,275,793,142
534,0,276,792,145
535,183,284,794,159
543,234,297,794,161
544,243,302,795,168
531,209,300,795,170
519,165,303,795,172
523,156,305,796,174
531,146,298,796,174
541,165,306,796,175
548,182,310,796,174
548,196,312,796,170
543,202,314,797,171
542,202,312,796,175
546,207,312,797,181
542,212,314,797,186
536,216,313,795,193
520,219,308,795,196
493,215,302,796,195
473,202,302,795,195
466,198,301,794,197
477,207,299,793,199
494,214,309,792,203
505,223,308,792,203
508,228,318,794,203
513,248,329,795,204
513,269,335,796,206
510,288,348,797,210
509,335,356,798,212
511,395,372,798,214
519,463,392,799,215
527,513,398,801,214
542,540,404,800,212
554,549,401,800,209
557,508,387,799,206
541,423,366,797,202
523,279,343,794,191
514,165,304,790,171
526,17,264,786,137
547,0,239,782,130
570,0,221,780,122
576,0,251,774,110
580,0,277,776,94
589,157,319,780,89
597,239,347,783,90
607,280,357,786,88
612,286,363,790,86
616,289,364,793,85
617,286,363,796,81
623,288,368,798,79
629,299,365,800,79
632,275,359,802,76
634,272,371,804,78
636,239,378,805,80
635,228,381,806,88
633,214,385,807,90
633,222,387,809,82
635,240,395,810,81
641,249,391,811,81
647,255,381,811,81
652,259,368,811,81
654,257,365,810,81
655,252,362,810,82
655,240,350,809,80
654,205,333,808,72
655,170,329,805,63
653,164,328,805,56
652,167,339,807,70
654,172,346,808,82
655,181,352,809,86
658,244,357,808,94
664,294,364,808,106
669,343,369,808,97
675,378,377,809,102
678,420,381,809,103
677,481,393,810,97
665,532,411,811,97
653,547,417,813,101
644,543,414,812,111
637,496,397,811,117
630,410,373,809,117
625,276,343,807,115
613,173,321,805,121
607,5,310,805,121
598,0,312,805,123
584,0,313,803,127
576,0,306,799,135
561,0,292,793,141
546,0,272,786,151
524,174,261,784,163
510,245,255,783,175
493,257,249,783,179
497,247,252,779,181
501,246,254,780,185
502,227,248,781,185
501,218,250,780,185
499,219,256,780,186
496,203,260,780,189
487,196,266,779,190
454,182,275,780,193
436,180,273,781,193
445,186,277,779,193
457,198,288,777,193
462,210,292,775,192
466,215,291,775,194
460,206,294,775,195
442,201,293,776,192
430,202,295,777,194
420,203,298,777,196
407,203,304,777,201
393,207,306,777,203
401,217,312,776,205
416,226,321,776,206
434,258,329,777,203
458,301,338,777,183
463,332,343,777,181
464,347,354,777,180
455,356,363,777,179
443,357,363,774,183
442,347,361,776,189
445,362,372,776,192
452,416,385,776,194
465,464,397,777,201
482,507,406,779,198
496,533,413,779,197
501,533,407,780,196
504,491,389,778,195
500,390,372,773,188
490,276,368,769,183
478,129,365,766,178
465,0,370,761,170
476,0,371,758,143
503,0,371,754,129
533,0,359,749,114
564,139,347,749,90
582,228,366,753,79
593,280,387,761,79
604,304,399,770,81
614,302,406,778,84
617,293,418,782,86
609,286,424,784,86
596,271,425,785,93
587,254,423,786,94
584,222,416,788,93
589,201,421,791,95
591,190,424,794,90
600,201,427,798,77
605,193,430,801,89
610,184,431,802,86
613,172,431,802,82
614,169,434,803,74
613,175,441,804,71
612,187,444,804,79
611,206,447,804,86
607,234,455,803,92
606,311,459,803,109
609,413,461,803,114
616,478,474,803,110
624,520,482,804,103
634,530,476,805,92
637,508,462,806,87
639,426,438,806,93
639,293,413,804,105
632,130,395,806,107
624,0,396,805,117
624,0,394,806,124
625,0,394,806,128
629,0,402,804,129
621,0,402,799,145
605,0,382,792,152
584,0,359,779,141
562,0,337,769,135
545,142,300,765,129
537,200,285,759,126
535,220,267,758,117
530,214,256,757,115
517,197,261,757,118
508,183,268,753,117
501,185,275,752,114
495,182,277,750,120
479,178,279,746,122
462,172,284,743,123
467,181,304,743,128
484,205,315,746,139
494,247,342,750,150
496,273,357,754,165
489,286,368,756,166
482,271,368,757,169
462,240,358,759,169
438,174,342,758,170
401,136,317,758,174
384,128,310,758,178
384,145,316,757,179
383,184,320,757,180
373,199,318,756,179
348,218,320,755,178
333,247,328,754,172
337,263,336,756,169
355,291,343,758,173
389,384,355,759,180
421,466,368,760,181
453,535,369,762,179
481,552,368,765,169
496,540,354,766,156
500,495,333,764,129
499,367,319,760,116
491,183,319,759,91
470,0,327,758,85
466,0,335,758,73
487,0,351,761,70
528,0,367,765,67
565,0,379,769,64
586,7,399,776,64
595,194,425,784,89
600,265,448,792,100
610,299,456,796,108
619,318,457,801,116
626,316,457,804,119
631,315,452,808,118
635,312,452,810,119
636,301,454,813,124
638,313,459,815,121
640,333,463,816,135
644,337,463,817,137
642,309,467,818,134
642,307,471,819,139
644,310,471,819,133
646,314,468,819,125
650,313,460,820,128
652,314,457,821,135
651,330,465,821,138
644,344,475,823,142
647,355,483,822,142
651,354,489,820,134
655,358,487,818,127
658,366,489,817,119
661,380,491,816,119
664,445,494,816,119
666,528,495,818,118
667,567,489,819,115
665,589,469,819,119
661,567,440,817,128
660,503,402,814,124
659,419,368,810,124
660,358,345,807,124
664,258,331,802,186
671,199,325,795,199
673,143,320,785,189
671,93,322,777,182
663,26,322,763,172
657,32,297,745,127
639,108,269,729,83
615,160,259,715,80
598,194,246,701,81
590,209,225,693,78
597,228,227,684,89
607,227,231,672,141
615,223,231,661,161
621,221,233,654,203
625,220,243,651,217
628,201,244,646,220
627,185,242,641,209
622,170,241,632,193
612,174,244,625,188
602,164,257,625,188
600,180,265,626,193
602,162,253,628,202
603,152,250,621,210
600,148,260,606,212
595,150,283,605,217
595,204,302,608,220
600,328,346,618,231
605,459,382,625,241
608,539,406,639,247
611,569,417,646,255
615,574,414,647,260
612,513,402,647,257
597,407,379,645,248
580,269,357,645,235
559,100,341,649,211
551,0,348,659,200
558,0,372,672,180
571,0,383,687,155
593,0,391,701,149
619,97,404,716,143
641,223,405,731,112
652,285,415,742,81
660,308,437,756,82
657,288,425,765,92
651,254,422,766,110
638,196,414,768,136
620,168,410,771,145
604,139,411,771,163
596,144,413,773,159
602,173,413,779,163
611,202,410,783,165
615,223,414,786,163
618,239,415,789,182
620,260,416,791,186
627,273,417,793,179
635,292,421,795,174
641,318,421,795,180
644,322,420,796,183
647,320,419,797,170
646,292,410,796,164
647,247,399,795,154
649,206,381,794,133
645,205,385,794,90
644,220,393,795,93
645,232,401,798,104
649,277,407,800,112
655,344,420,800,141
658,433,428,802,150
663,505,437,805,144
664,541,442,807,138
668,546,427,809,124
668,487,412,808,120
662,392,377,806,164
659,252,345,804,177
657,103,336,801,201
658,0,323,798,208
666,0,331,790,208
667,0,339,780,219
669,0,317,770,198
666,0,311,756,128
648,0,303,743,92
629,0,291,728,67
610,93,274,723,65
605,209,261,723,32
604,231,262,725,0
615,231,267,725,0
623,222,269,724,11
634,183,282,723,85
646,142,289,720,118
656,95,297,713,142
664,83,310,706,153
671,72,319,698,164
674,81,325,694,174
671,59,332,694,178
667,78,336,694,184
669,118,344,696,183
673,191,358,699,187
678,214,367,702,196
681,233,369,703,202
684,234,370,703,204
686,265,369,703,208
686,357,377,704,217
685,473,397,710,220
682,533,414,717,227
677,555,420,720,232
672,537,414,719,236
663,465,392,717,233
649,386,369,714,231
632,238,366,714,223
610,58,365,717,212
609,0,371,721,207
618,0,384,731,207
629,0,397,741,204
655,10,404,754,202
678,166,413,766,193
685,258,435,777,201
680,318,446,787,230
667,353,449,795,228
654,331,452,803,244
646,318,447,807,279
636,292,446,810,293
629,259,434,813,302
624,232,429,814,290
619,221,424,814,279
618,240,426,815,277
616,252,424,816,274
616,264,425,817,275
618,267,421,819,274
619,260,401,821,269
618,251,398,822,266
608,213,398,823,269
599,200,403,824,269
586,207,402,824,261
588,214,404,825,256
593,242,412,826,260
603,258,417,827,264
611,307,421,827,271
613,336,424,828,275
613,354,428,828,276
611,378,431,829,258
612,389,436,829,241
617,396,439,829,231
628,449,440,831,215
640,516,443,831,206
654,567,444,830,197
660,596,440,831,212
664,599,430,830,223
663,559,392,828,238
658,475,355,825,239
651,377,328,822,238
643,226,315,819,242
643,71,319,814,240
654,0,326,810,245
664,0,338,804,234
665,0,352,797,205
667,0,357,790,194
672,0,370,779,185
666,78,358,765,198
652,196,299,751,184
630,247,331,726,163
620,267,341,708,142
635,255,349,690,130
636,227,345,680,144
636,193,290,674,165
639,180,292,666,211
643,110,313,661,240
648,106,325,653,255
647,107,320,643,262
642,136,320,634,267
638,163,323,624,278
636,180,326,622,279
639,199,328,626,282
643,214,339,630,286
647,235,351,636,291
651,246,357,639,299
656,250,361,634,308
660,258,366,638,315
659,275,372,643,326
656,336,380,647,328
653,434,405,655,328
645,479,415,661,318
640,520,425,664,312
634,520,417,665,298
624,464,404,663,291
602,359,366,662,292
583,204,335,663,291
559,0,322,665,288
530,0,318,671,284
512,0,321,680,282
520,0,331,697,289
555,0,360,711,311
585,0,375,725,336
609,67,391,743,347
607,245,402,760,359
590,294,404,773,373
570,310,403,784,379
540,283,422,793,376
509,237,410,797,374
490,205,400,800,355
479,185,387,802,346
474,186,377,805,333
476,202,376,807,324
483,218,372,810,313
492,224,381,812,301
500,230,395,815,281
504,238,399,818,269
514,241,404,820,258
524,275,411,821,261
528,307,421,822,260
527,350,434,823,257
526,380,441,823,254
523,402,445,822,245
524,462,451,821,242
532,502,453,821,240
553,550,442,821,235
562,546,430,820,235
568,510,418,819,240
572,443,392,817,243
579,331,372,814,246
584,232,349,813,237
591,109,327,810,235
600,0,315,805,191
607,0,317,799,169
610,0,303,788,146
614,0,298,776,129
615,32,298,764,124
620,77,275,753,118
626,114,245,749,99
631,118,263,750,93
640,123,279,753,99
654,142,301,755,123
664,95,316,755,149
667,87,326,755,144
666,50,327,754,143
665,58,330,752,148
668,81,330,754,157
674,83,330,752,172
683,114,272,750,197
691,127,280,747,222
695,137,286,744,237
698,154,300,744,248
697,176,317,747,264
691,215,329,751,265
678,232,359,754,255
669,280,379,755,241
664,293,385,754,223
663,304,394,753,223
672,302,400,754,235
678,284,403,755,246
681,271,407,756,258
681,293,410,758,259
676,326,422,760,246
676,456,433,761,220
679,496,444,763,205
680,538,449,766,205
677,554,442,767,214
670,534,420,765,235
664,467,397,762,255
662,383,382,759,267
660,274,384,757,270
662,156,389,757,271
664,20,401,757,273
669,0,410,759,275
671,0,413,761,277
671,0,417,763,278
672,0,418,764,277
672,54,413,766,265
670,110,408,767,256
666,143,405,768,252
664,144,407,768,244
654,124,403,767,233
640,115,400,765,220
616,119,401,764,214
600,120,405,764,204
585,123,406,762,189
573,126,408,761,184
566,134,409,757,183
563,140,409,756,180
564,142,406,755,180
556,144,405,754,174
552,145,405,753,160
551,142,402,753,153
549,133,396,752,145
546,141,396,752,137
543,147,398,752,132
540,150,399,752,131
537,165,400,751,144
533,156,393,752,149
530,156,384,751,160
527,158,376,750,166
525,160,377,750,165
528,156,380,749,166
538,166,384,749,172
545,175,387,750,182
552,185,387,752,188
556,189,388,753,199
557,191,386,755,202
557,183,382,756,207
556,179,379,757,204
556,180,377,757,196
558,179,374,758,193
559,166,367,757,194
560,157,370,758,197
562,158,370,758,200
563,161,372,758,202
566,162,373,759,211
571,152,375,759,216
572,145,376,760,217
573,144,381,761,218
575,142,383,761,216
576,143,388,762,215
576,144,391,762,210
575,145,393,762,207
573,148,394,762,206
573,155,395,763,209
573,155,395,763,209
571,156,395,763,204
569,155,398,763,192
569,152,398,763,189
568,149,399,763,177
569,148,400,762,173
570,152,401,762,182
574,152,401,762,189
576,147,402,762,199
577,148,401,762,202
576,147,397,762,210
575,152,396,762,213
573,152,398,762,210
574,153,401,762,205
575,154,404,763,196
574,155,407,764,184
572,157,408,763,163
573,153,406,762,161
573,144,405,761,162
572,140,404,761,164
573,137,405,761,173
576,144,409,762,184
578,