F1,F2,F3,F4,F5
533,231,478,749,177
535,231,479,749,178
537,233,481,750,179
537,233,481,750,179
537,234,482,750,177
536,234,484,750,176
537,236,485,750,174
537,238,488,750,174
539,245,489,751,169
540,247,489,751,170
542,251,490,751,169
543,261,491,751,171
544,265,492,751,175
546,270,492,751,176
547,274,491,751,176
546,277,490,751,179
546,272,490,752,181
548,272,490,751,182
548,275,489,751,183
550,281,490,751,184
554,284,492,751,183
555,321,492,752,182
559,379,491,753,181
562,407,492,755,185
564,433,494,756,184
567,442,496,758,178
567,431,498,758,180
562,378,494,756,182
555,283,493,754,178
552,124,481,754,171
551,0,471,753,173
557,0,471,754,170
565,0,467,755,171
578,0,467,755,175
592,0,465,755,178
604,0,464,753,183
623,100,459,750,182
627,167,449,746,187
623,196,444,742,191
622,202,445,739,188
619,193,455,735,181
618,174,461,735,178
621,156,465,738,175
621,154,466,742,170
622,159,470,744,170
622,172,471,746,173
618,176,469,746,169
612,181,465,746,164
606,191,464,748,160
598,198,462,749,150
584,200,465,750,148
572,197,470,752,150
561,203,473,753,155
549,213,477,755,152
550,220,476,756,151
562,231,474,756,150
568,234,466,757,149
569,239,465,760,132
570,258,469,764,128
574,272,473,768,129
579,272,475,770,125
581,273,476,772,128
575,275,475,772,127
573,278,477,773,129
585,291,479,774,128
600,324,480,772,123
625,345,472,771,117
634,365,466,772,113
639,367,464,773,111
639,363,465,774,129
630,354,468,777,122
623,341,469,779,125
612,334,473,780,122
599,331,474,781,122
597,338,478,783,127
602,345,477,784,128
616,361,470,786,128
624,370,465,788,134
628,370,460,790,138
629,365,463,792,138
627,362,463,793,163
624,350,466,793,165
619,349,470,794,169
619,353,470,794,150
625,359,469,795,144
629,360,462,795,145
636,358,462,796,146
640,357,462,797,147
643,351,468,798,169
644,344,469,799,179
638,346,474,799,181
631,352,477,800,182
627,358,477,799,175
629,358,478,799,163
630,358,480,800,144
633,351,474,801,142
632,348,477,801,144
629,344,478,801,145
632,339,480,801,148
633,327,474,802,150
622,299,474,802,151
606,266,472,803,151
599,265,472,803,150
602,270,465,803,157
604,288,469,803,159
609,309,471,803,157
615,329,474,803,159
620,348,478,803,158
624,365,481,803,159
627,395,487,802,166
626,419,490,802,170
626,452,493,802,173
626,479,491,802,177
626,475,488,802,180
625,425,483,802,180
624,355,473,801,178
624,266,460,799,176
610,209,454,798,176
600,138,447,798,175
579,54,438,796,171
553,0,412,795,166
531,0,403,794,161
516,0,403,796,161
507,0,412,797,164
511,97,417,798,165
514,156,428,800,166
519,199,433,801,167
517,208,439,802,172
520,202,438,803,177
527,188,430,805,192
533,188,428,805,188
538,181,417,804,193
540,158,407,803,185
542,152,403,802,196
544,156,401,801,205
549,175,407,800,215
551,186,413,801,224
551,193,419,802,231
550,222,426,803,232
550,227,432,803,232
543,234,435,804,229
532,235,436,804,229
526,234,437,805,231
523,235,438,805,229
529,236,440,805,215
539,253,439,805,213
557,273,442,804,219
567,297,446,805,232
567,313,450,805,239
562,316,451,805,243
557,309,454,806,242
552,299,459,806,233
549,295,459,806,225
551,293,457,806,207
556,304,461,808,204
559,313,459,811,205
557,313,460,812,209
552,301,460,812,223
542,268,456,812,220
525,243,455,812,211
513,228,456,813,189
502,221,452,812,167
484,237,455,813,173
483,262,455,813,175
490,290,457,814,178
496,311,457,815,176
504,316,460,815,175
515,328,465,815,174
520,330,479,816,166
518,335,486,815,159
518,333,488,816,158
520,332,490,815,162
521,334,492,816,168
525,336,493,817,163
527,338,493,817,159
532,340,495,817,153
533,341,492,817,148
536,344,492,817,147
544,342,491,817,150
558,385,496,817,171
570,455,497,817,180
579,512,498,818,183
583,569,499,818,180
588,592,496,817,172
590,586,489,816,172
576,531,473,815,171
570,436,451,812,170
562,314,435,811,158
563,207,394,806,116
565,17,377,799,103
578,0,376,795,96
594,0,371,791,78
610,0,381,790,60
627,0,396,791,61
637,0,337,793,63
645,147,368,797,66
652,252,383,798,66
661,283,399,797,64
664,328,410,798,49
662,351,418,799,44
658,366,424,800,39
654,373,427,801,42
651,366,430,802,51
647,345,428,803,57
644,304,428,803,61
635,284,429,804,61
633,269,428,804,60
636,266,429,803,60
640,275,431,804,64
646,294,434,805,65
649,308,437,805,65
650,324,437,805,64
654,330,438,805,63
657,327,433,804,59
663,323,422,804,56
669,324,428,804,50
679,330,433,803,59
682,343,434,804,95
680,346,436,804,102
677,346,438,804,107
676,317,439,804,92
677,299,436,803,88
677,291,428,804,99
679,296,429,805,109
680,303,432,806,119
680,310,438,807,129
679,321,439,807,131
677,329,444,807,133
669,338,446,807,134
663,349,447,807,126
663,351,447,807,119
667,356,445,807,117
669,349,440,807,118
676,328,436,806,129
680,323,436,806,143
680,327,440,805,151
678,332,445,804,167
674,342,450,804,170
671,356,450,803,170
673,365,454,804,168
673,382,461,804,155
674,406,468,804,153
674,452,471,805,140
675,475,471,806,134
675,503,476,806,136
674,504,475,807,128
671,464,467,806,126
669,389,446,804,121
663,287,416,804,109
657,163,406,803,71
649,29,389,802,53
637,0,374,802,56
623,0,362,799,58
604,0,348,796,59
589,0,343,792,61
573,59,334,795,65
560,154,342,794,68
551,247,343,792,73
535,274,349,788,85
518,272,331,785,90
488,261,326,782,98
471,255,322,784,102
467,249,322,786,99
468,243,323,786,85
475,244,325,786,101
483,243,318,786,98
489,246,315,785,104
496,249,313,783,107
497,247,311,782,109
496,244,310,783,116
491,238,312,783,123
476,232,315,784,128
463,235,316,784,141
452,234,314,783,146
446,223,315,780,149
448,199,306,779,151
461,185,299,775,147
475,163,295,773,148
478,133,290,770,144
469,142,291,765,141
452,145,294,763,126
424,147,297,763,96
393,144,295,762,94
366,150,286,761,93
386,173,291,761,94
414,201,300,761,94
440,223,305,762,96
446,243,308,763,97
448,251,313,763,102
438,255,322,763,119
409,255,323,763,129
381,240,324,764,140
364,226,324,765,152
348,223,325,764,169
348,230,325,764,178
353,239,326,764,185
352,245,326,764,188
353,243,329,763,189
352,245,329,761,190
354,261,333,761,192
359,324,342,762,199
373,408,366,765,202
391,488,383,767,199
406,533,387,768,197
410,552,375,769,195
413,541,357,767,202
412,481,323,765,202
402,403,309,763,205
398,269,289,761,188
390,158,294,759,183
397,37,288,760,177
424,2,290,761,160
465,25,279,761,131
503,85,276,759,117
523,159,279,759,95
535,251,309,761,91
546,289,326,762,83
555,329,343,765,95
564,350,366,770,94
572,341,395,775,97
577,329,405,778,101
578,326,413,780,112
570,312,412,781,123
559,299,427,784,125
556,278,431,786,125
559,284,435,788,127
566,293,435,791,134
577,306,439,793,137
587,315,438,794,138
592,318,439,795,131
591,314,443,797,108
585,299,446,798,111
581,284,447,799,116
575,282,450,799,120
576,285,451,799,124
582,298,451,800,123
588,316,451,800,117
592,320,449,800,111
590,319,453,802,112
582,306,458,802,117
570,270,461,803,121
555,234,462,804,124
549,224,464,805,134
542,226,465,804,148
525,235,463,804,155
514,235,448,804,163
512,205,439,804,167
517,190,428,804,164
517,196,430,804,163
523,203,431,805,163
527,209,429,804,167
527,218,429,804,169
524,225,423,804,173
519,238,423,803,176
520,266,427,804,177
522,281,428,804,180
517,266,424,804,180
496,252,423,804,181
465,238,425,803,184
441,232,428,802,187
410,234,430,802,187
408,250,429,802,189
426,282,430,802,187
447,321,432,802,191
465,367,434,803,194
476,402,439,802,197
480,451,445,802,200
483,499,447,802,201
483,522,448,802,199
480,521,436,803,197
477,476,428,802,197
475,414,410,801,195
478,305,393,800,188
478,157,385,797,189
484,0,361,797,188
486,0,348,796,189
480,0,343,797,191
474,0,339,797,194
464,0,344,797,195
456,0,327,794,195
444,0,308,790,189
425,109,286,784,185
416,189,259,776,185
411,193,241,772,184
405,180,236,771,183
422,198,246,772,178
431,218,256,773,161
442,238,261,774,135
447,246,269,775,159
448,249,270,774,159
450,250,275,772,161
453,255,273,772,166
443,256,275,774,169
416,260,282,774,173
406,254,293,775,161
424,263,306,775,127
446,269,313,777,126
456,274,318,777,140
474,270,325,780,147
492,273,335,783,148
525,276,338,784,138
561,280,328,786,151
581,291,324,787,175
591,291,310,787,194
599,293,312,787,206
600,300,315,787,215
601,308,322,786,224
603,326,331,786,226
607,339,342,788,228
609,350,350,789,202
611,353,356,789,196
612,330,360,790,188
611,318,364,790,161
612,319,368,792,154
614,323,372,793,156
614,329,371,793,163
615,341,369,794,170
616,348,373,795,171
614,353,371,796,171
605,352,375,796,172
601,343,378,795,171
603,342,382,793,170
607,344,383,794,166
609,342,386,795,166
608,343,387,796,170
605,347,392,797,158
600,347,393,798,149
591,353,400,798,141
586,378,410,798,158
586,445,421,799,154
593,516,432,800,145
599,558,442,800,156
603,562,430,800,167
604,515,417,799,180
602,404,394,798,182
593,258,379,796,178
563,0,373,792,168
554,0,376,790,142
560,0,386,790,72
573,0,394,790,60
588,0,402,785,0
596,0,388,778,0
608,0,388,774,0
610,0,410,769,0
613,214,425,770,0
614,286,431,775,0
617,318,454,780,0
624,333,473,787,0
622,322,480,791,0
617,292,485,797,0
612,272,489,801,0
604,249,486,804,0
601,222,475,805,36
605,214,464,806,54
608,219,452,807,67
609,227,445,808,73
606,226,446,809,67
602,223,452,810,60
600,222,456,810,52
597,219,460,811,58
589,232,466,810,63
578,241,470,810,66
575,251,473,809,72
580,288,472,810,73
582,319,473,811,72
579,323,473,813,72
573,317,470,815,75
568,292,463,816,80
565,264,456,816,86
568,248,446,815,96
570,209,436,814,109
564,178,420,814,114
554,141,406,814,109
545,142,386,812,109
541,154,376,810,103
546,183,377,809,109
554,201,380,808,111
565,199,374,808,111
575,190,370,808,110
582,176,366,806,110
584,158,364,806,111
585,164,372,805,110
586,175,378,805,108
583,176,381,805,106
584,187,389,805,106
586,203,399,806,104
590,249,408,806,100
593,294,419,806,91
593,334,426,806,91
595,360,432,806,96
597,379,438,806,109
597,403,439,806,120
595,420,441,806,123
593,467,443,806,129
594,507,449,806,129
598,546,454,806,124
600,552,456,805,114
600,540,451,804,108
598,466,443,801,99
594,433,424,799,97
587,313,388,798,94
578,212,379,795,96
572,70,363,794,97
568,0,357,792,99
570,0,347,790,110
571,0,336,788,120
569,78,352,779,128
565,183,357,774,156
563,252,352,766,167
560,285,334,758,160
551,301,322,749,148
526,282,301,745,110
502,273,291,744,116
499,274,290,745,114
507,271,296,747,109
516,278,310,750,104
516,274,318,752,90
514,269,327,750,91
515,272,330,748,103
513,278,336,747,107
512,281,333,745,112
510,279,325,746,111
507,272,323,747,113
491,251,322,747,113
478,250,330,749,116
485,260,336,752,116
504,271,346,751,112
523,274,342,750,108
549,286,330,747,105
569,289,314,746,113
581,272,307,745,132
587,262,305,745,165
588,259,313,747,176
583,261,321,745,180
580,261,324,745,188
579,265,331,746,185
593,283,342,748,180
604,308,349,749,175
609,317,355,749,173
611,320,356,749,155
614,318,355,749,183
617,319,355,748,194
621,322,354,745,199
624,324,354,746,200
625,332,360,746,184
627,333,363,746,186
629,333,365,745,191
634,320,362,742,192
636,299,359,744,214
634,290,360,743,225
632,290,362,741,227
633,292,367,742,229
634,303,370,743,235
631,311,377,744,235
621,330,389,748,236
616,341,399,751,237
617,376,408,753,242
619,416,414,754,237
620,441,419,756,236
620,467,421,757,238
621,473,424,757,234
619,470,426,755,231
619,465,428,754,227
620,468,431,752,219
619,471,433,748,214
619,474,442,745,210
619,496,444,744,197
616,498,451,745,181
611,507,451,751,166
605,510,453,754,161
597,489,457,756,148
585,433,453,757,133
568,344,447,756,108
553,235,430,755,98
560,80,416,756,91
578,0,400,755,84
593,0,398,759,76
601,0,406,760,51
608,0,412,764,4
617,90,431,769,1
623,224,447,773,8
628,312,459,781,57
633,349,477,785,76
638,369,483,788,84
643,369,485,791,102
639,364,484,795,108
636,360,486,797,110
631,362,486,800,113
631,366,484,801,124
634,368,476,802,127
639,368,477,804,130
643,368,478,806,117
643,366,476,809,112
643,359,474,812,109
643,352,472,813,108
645,356,473,815,112
650,354,476,815,116
652,363,482,814,122
651,374,486,814,138
649,382,486,815,152
647,375,485,815,157
644,365,480,815,149
639,351,468,815,136
636,345,450,814,133
630,317,434,814,146
615,266,413,811,153
589,220,395,809,164
554,163,381,804,166
528,141,363,801,165
534,149,367,799,162
545,160,382,800,154
560,197,401,800,138
571,223,406,801,133
580,220,413,802,133
583,224,418,802,131
583,233,425,802,134
579,245,431,803,142
577,291,435,804,152
576,334,439,804,157
577,371,447,804,171
578,398,451,804,173
578,444,459,805,178
578,482,468,805,178
576,526,474,805,175
570,547,478,805,182
570,552,473,804,182
569,505,452,802,187
572,416,440,801,178
576,299,434,801,169
577,219,425,799,169
581,16,415,798,169
584,0,411,798,169
590,0,390,796,172
594,0,363,795,177
600,1,360,793,194
607,139,349,791,199
610,221,343,787,203
602,292,341,783,202
580,327,325,776,203
554,310,294,766,180
522,271,275,758,151
499,204,257,753,148
477,164,240,751,131
474,171,233,750,113
483,185,241,751,105
512,202,256,752,74
538,215,276,751,33
560,223,279,752,76
568,226,284,748,102
569,215,290,745,139
569,203,290,745,163
572,205,292,744,159
578,203,302,745,158
585,206,311,745,162
584,209,319,742,163
582,209,325,744,164
584,199,328,746,157
580,201,331,747,145
576,187,314,747,127
574,176,306,747,132
573,189,308,744,134
571,206,314,742,154
566,208,316,742,156
562,232,318,743,159
560,249,333,744,167
553,255,336,747,175
551,249,341,748,176
540,226,338,749,179
531,208,335,750,185
521,207,334,750,187
516,211,338,752,194
503,221,341,753,195
482,231,345,753,190
470,225,353,752,191
461,222,358,749,189
464,211,356,747,192
461,213,349,744,188
454,206,337,745,191
452,202,324,743,196
450,177,317,741,199
439,172,317,739,212
422,166,321,738,223
408,175,325,738,228
395,184,325,729,237
388,197,322,729,259
384,204,322,725,275
382,217,328,723,286
386,225,327,723,289
392,227,326,719,291
394,229,332,715,299
400,231,334,716,299
406,228,334,717,302
410,238,341,720,301
413,277,348,722,296
420,329,363,726,307
428,406,384,728,316
438,496,393,731,319
445,545,400,733,322
453,579,404,735,325
453,580,399,734,332
453,544,383,730,345
450,475,343,725,338
432,340,336,723,322
410,210,332,724,305
399,93,356,726,288
417,45,372,730,279
439,109,392,735,270
471,175,400,741,239
504,219,404,750,149
528,280,408,759,102
552,340,420,771,89
572,380,433,781,94
593,414,452,789,121
595,426,467,796,144
585,419,469,798,165
568,399,462,803,182
555,376,452,806,209
547,371,442,806,219
550,374,441,807,222
549,382,444,808,222
562,388,450,810,219
580,408,453,812,214
593,410,451,813,217
597,391,457,815,224
600,386,460,816,232
602,385,465,815,234
603,393,467,816,239
607,402,470,816,245
618,401,467,817,260
633,414,464,816,268
642,418,449,817,285
648,413,440,818,278
648,407,443,818,259
645,397,446,818,250
644,393,450,817,252
645,402,452,818,257
646,410,455,818,263
647,413,455,818,262
649,413,456,819,257
647,409,455,820,255
644,406,454,821,256
642,403,453,821,256
642,405,456,822,259
634,407,459,822,260
626,411,460,822,262
624,412,460,823,261
627,413,454,823,259
628,410,453,822,265
628,409,452,822,261
624,408,447,823,254
614,411,450,823,252
615,413,454,823,253
615,413,455,823,253
617,412,457,823,254
621,406,457,824,249
624,402,445,825,241
623,407,448,825,238
617,411,459,825,236
609,412,474,825,226
603,413,480,825,199
606,413,478,826,143
611,412,479,827,93
613,410,478,828,85
616,403,475,829,87
613,396,475,830,98
610,396,475,830,100
602,395,473,830,88
604,400,473,830,86
607,407,473,830,102
610,411,471,831,110
612,414,469,831,108
610,411,467,831,107
607,409,466,830,111
604,406,465,829,113
609,408,466,829,122
610,409,469,829,119
613,407,469,830,121
613,406,466,830,107
612,409,465,831,91
613,412,467,831,90
616,424,469,830,92
619,436,474,830,120
621,454,478,829,134
622,466,481,829,139
624,477,485,829,148
624,506,489,828,150
625,546,493,828,149
627,576,494,828,140
629,601,492,829,119
627,613,488,828,122
623,608,476,828,105
620,561,460,827,79
616,452,427,825,61
610,359,402,822,70
599,241,386,822,72
599,86,390,821,72
608,0,395,817,99
619,0,392,814,96
630,0,382,808,27
636,73,379,803,38
637,180,374,795,60
637,270,374,791,59
636,321,369,787,25
631,335,358,780,0
628,322,349,779,0
631,319,343,777,0
639,312,338,776,0
642,312,338,776,0
647,308,338,773,0
653,303,309,770,0
656,302,313,763,0
663,307,320,758,21
671,304,333,753,106
676,300,344,752,145
684,315,368,752,162
687,324,374,753,187
687,320,377,753,197
688,321,377,752,201
690,320,380,752,201
693,331,385,753,202
697,337,385,753,211
702,341,386,755,223
706,342,387,754,237
710,348,391,752,241
712,348,394,747,263
714,345,398,744,273
714,348,405,743,274
714,351,408,744,272
710,347,408,744,271
705,346,408,743,269
704,355,410,745,269
705,353,414,744,275
709,355,416,744,283
712,358,423,744,280
714,358,427,744,274
714,358,428,740,258
714,358,429,741,248
715,367,432,743,248
716,369,431,747,258
718,389,435,750,259
719,405,438,751,259
719,406,439,752,252
719,395,437,751,246
720,383,437,753,242
717,373,437,754,243
713,370,438,755,246
708,373,443,756,240
709,383,444,756,239
712,404,448,755,231
715,414,447,754,228
718,402,436,753,229
720,391,431,752,241
720,387,430,754,256
721,398,440,757,262
722,424,446,760,265
721,456,437,761,263
721,490,436,763,265
722,507,438,764,262
723,515,437,763,263
723,518,435,762,264
721,496,428,760,265
718,439,416,757,262
714,405,406,754,254
709,326,408,754,240
708,248,412,754,238
709,206,422,755,239
710,237,435,756,242
711,271,441,757,243
712,304,446,756,243
710,334,449,757,238
706,357,451,757,228
697,359,449,755,216
682,354,445,753,203
659,339,438,753,183
628,325,428,753,161
605,314,423,752,143
593,311,422,755,134
590,314,433,765,136
583,318,447,776,139
595,344,468,783,133
606,360,490,791,115
601,370,505,798,127
594,370,513,805,204
587,369,514,808,225
590,365,512,811,218
590,360,506,813,195
591,369,492,815,191
591,375,495,816,194
592,378,492,818,190
593,373,484,819,194
585,355,482,820,215
578,352,486,821,213
573,356,488,822,217
574,358,483,823,214
575,361,480,824,208
575,364,476,824,194
569,361,474,825,203
556,353,469,826,201
543,347,463,826,201
536,334,453,827,193
536,332,451,827,187
543,343,451,829,191
543,355,455,830,195
542,362,449,831,189
542,360,437,831,194
542,357,431,832,194
542,349,431,833,198
540,348,434,833,201
533,345,436,833,198
521,347,438,833,198
508,347,434,832,190
506,352,425,833,181
508,356,413,834,171
512,358,409,834,160
514,354,409,834,153
518,343,400,834,158
522,339,391,834,149
520,327,377,834,150
515,325,423,834,150
498,320,437,833,153
475,326,439,832,163
444,326,426,832,174
439,324,407,833,180
441,325,400,833,180
452,332,401,833,181
461,340,401,832,177
472,350,404,832,174
475,369,400,833,172
475,376,393,833,171
468,385,384,832,175
462,385,390,832,178
471,385,390,832,182
484,385,391,832,182
508,397,393,832,184
527,430,400,832,185
537,471,408,833,187
542,493,420,833,189
544,552,433,832,190
544,579,437,832,193
543,586,436,831,194
542,566,423,831,196
539,517,399,831,194
542,439,348,830,193
547,286,327,828,183
553,97,330,827,181
581,0,332,828,175
606,0,327,827,157
626,0,332,821,131
638,6,333,814,107
648,123,334,804,84
652,204,336,791,78
649,255,329,784,56
650,306,313,779,42
635,318,305,783,39
628,307,320,785,51
629,304,329,789,51
641,302,336,795,54
656,293,334,798,8
670,289,341,802,0
681,281,340,802,0
686,276,334,803,0
690,273,330,801,0
689,273,332,798,35
686,271,336,793,52
681,275,345,788,62
677,281,353,783,71
680,299,362,772,89
684,308,363,771,121
687,307,350,771,167
691,307,345,769,200
696,310,351,767,214
698,308,356,766,220
703,304,361,765,223
707,308,364,762,237
710,309,363,758,242
709,310,366,753,250
708,316,368,749,263
707,317,369,746,269
707,333,370,746,274
712,345,375,747,295
717,356,384,749,315
722,359,390,751,326
725,359,392,751,332
727,359,390,751,336
726,358,392,751,331
727,360,394,752,328
730,358,401,753,334
732,367,410,755,337
731,380,416,757,349
729,393,420,758,349
729,400,423,758,340
728,403,423,756,335
729,402,420,756,334
735,405,420,756,337
738,406,421,756,349
742,406,425,754,364
744,411,427,752,379
743,409,428,751,379
741,411,429,751,379
736,411,431,752,376
736,415,431,754,369
736,415,433,755,368
739,414,432,756,371
739,416,429,755,381
738,410,424,755,387
738,406,420,755,387
740,401,421,756,387
743,401,423,761,383
746,404,428,764,385
748,409,430,765,386
751,426,431,766,392
752,440,434,766,398
754,450,438,766,413
756,458,437,765,426
757,461,441,763,419
756,468,444,764,410
756,469,445,766,403
757,460,446,767,386
757,438,450,768,377
758,430,450,769,373
758,429,453,770,374
759,431,454,771,373
760,430,458,771,375
761,430,459,772,366
761,430,458,773,361
761,433,459,773,357
761,446,461,774,350
761,466,465,774,345
761,489,469,774,347
762,503,476,774,348
763,522,481,775,334
762,533,485,777,324
761,526,486,777,324
759,470,481,778,326
753,352,461,778,319
743,196,438,779,302
730,52,409,780,284
721,0,410,780,274
712,0,417,778,266
702,0,419,777,269
700,0,406,776,266
703,0,402,780,256
704,0,394,786,219
702,133,405,792,191
698,258,416,799,154
692,308,431,806,127
686,333,447,815,115
681,349,462,821,105
658,349,466,825,116
639,337,462,830,125
615,326,451,831,131
600,334,437,831,127
583,340,424,832,124
553,332,417,834,125
534,299,420,834,115
522,271,433,834,108
517,252,431,835,108
520,210,419,834,102
520,167,411,834,87
519,178,412,835,66
519,204,413,835,54
519,224,407,836,60
516,231,405,836,56
510,234,394,835,55
506,235,379,834,64
495,243,372,834,58
484,252,376,833,60
479,275,389,835,63
485,292,400,836,65
493,303,406,836,65
495,311,402,835,60
497,317,405,836,56
498,325,404,836,57
500,330,404,836,71
498,336,407,836,85
496,333,410,836,94
495,320,408,835,81
494,311,402,835,63
496,313,399,835,72
506,324,403,834,84
517,337,408,834,121
523,351,414,834,123
527,362,417,835,127
528,372,417,835,136
527,374,420,835,142
527,374,421,835,141
529,369,424,833,131
538,373,427,833,127
544,385,427,833,128
554,392,430,834,130
561,398,432,834,137
563,401,432,834,147
561,403,430,833,153
550,402,434,833,158
552,403,438,833,158
560,404,442,832,155
567,408,444,833,147
572,421,448,833,152
575,428,451,834,155
576,439,455,834,157
576,452,459,834,156
575,463,462,834,153
574,472,464,834,144
570,476,468,833,113
569,503,471,833,63
565,537,477,833,60
569,582,484,833,52
572,610,487,833,51
575,623,487,833,58
582,615,479,833,59
584,555,457,832,59
568,464,437,830,57
562,346,429,829,43
568,236,423,828,8
571,98,428,827,26
575,32,430,826,34
586,79,424,825,23
600,133,415,823,21
608,217,401,818,0
619,279,392,812,0
626,320,394,804,0
631,349,399,798,0
638,349,399,791,21
644,321,409,788,0
643,302,416,787,0
626,291,366,789,0
609,277,380,790,0
611,237,383,790,0
626,203,345,791,0
641,194,361,795,0
655,203,374,799,0
669,216,390,803,0
676,224,397,806,0
676,239,398,809,0
687,255,399,810,0
696,259,395,809,0
700,262,398,809,10
701,263,405,809,64
699,265,416,810,86
701,272,426,811,98
704,273,428,811,99
706,262,424,810,94
706,269,420,810,99
703,281,418,809,103
695,293,420,809,105
685,291,426,809,103
660,276,426,808,83
630,237,424,808,54
599,207,413,807,0
574,162,405,807,0
541,153,401,805,0
527,174,400,804,0
525,208,402,804,5
532,215,402,804,20
537,208,399,805,0
541,179,392,805,0
536,139,389,805,0
530,136,388,805,0
517,149,388,805,0
510,163,390,805,22
512,188,388,809,23
513,211,387,811,24
521,218,388,812,29
524,225,392,812,26
521,218,392,812,41
506,203,387,813,37
487,194,384,813,40
463,189,376,813,58
448,196,372,812,62
442,204,372,811,54
444,212,366,811,62
443,209,352,811,75
442,210,347,811,81
430,209,344,811,88
422,210,342,811,91
408,211,325,810,95
404,222,361,810,116
400,225,373,810,117
393,231,366,810,115
393,243,362,810,117
391,244,361,810,125
404,247,362,810,114
427,254,366,809,105
461,277,369,809,103
477,296,378,809,102
486,317,384,810,99
488,336,392,812,101
488,342,396,813,106
486,342,398,813,106
489,344,400,813,114
493,347,401,812,137
499,378,408,813,150
506,444,416,814,139
514,512,421,814,138
519,552,426,813,139
521,584,423,812,130
520,598,415,811,116
515,570,403,809,115
509,509,370,807,111
502,404,335,806,113
502,280,333,806,112
499,162,333,806,111
499,31,339,808,109
501,0,341,811,108
508,0,331,814,110
513,43,310,815,107
517,127,292,815,105
523,210,292,817,111
528,267,279,819,116
530,324,282,821,122
528,340,299,824,123
521,337,312,827,121
515,333,322,828,119
503,326,325,829,116
503,332,329,829,114
494,337,333,829,116
492,344,338,829,118
505,346,336,828,119
506,344,339,828,119
502,345,341,827,122
497,348,342,826,123
481,347,343,825,123
470,343,341,824,128
469,337,333,821,129
473,330,329,819,125
479,332,310,816,118
490,334,296,812,102
494,338,291,809,96
497,341,303,807,94
497,337,307,805,92
502,338,312,800,92
512,330,311,796,91
527,330,327,796,102
538,339,343,796,95
546,346,358,796,90
549,347,372,797,85
546,352,386,798,79
548,315,390,798,77
544,299,398,799,75
543,293,405,800,68
542,305,414,802,73
540,316,414,804,72
542,333,418,806,66
545,357,419,808,64
546,368,419,809,65
547,372,422,810,69
548,377,424,810,72
542,382,426,809,82
531,386,425,809,95
520,389,426,808,105
506,391,423,806,112
489,389,422,804,119
474,383,415,801,121
454,375,411,799,123
447,370,412,797,122
437,372,417,796,114
430,369,417,795,114
428,369,416,795,109
427,364,417,794,106
425,365,419,795,100
422,359,416,794,101
423,352,415,793,103
416,345,414,790,112
398,328,419,789,112
384,326,422,788,117
380,314,425,784,114
384,306,428,782,116
386,291,428,779,118
387,289,427,778,118
392,298,430,777,118
393,307,432,777,121
390,315,435,777,120
390,317,437,777,123
394,321,437,777,130
396,318,438,777,135
395,316,436,777,139
394,313,436,778,145
391,312,437,778,148
386,317,439,778,153
388,321,437,778,153
381,328,437,779,154
377,330,437,779,153
369,331,443,779,150
365,331,445,779,148
353,332,447,778,148
344,332,449,777,148
343,327,448,775,143
336,327,450,774,142
323,328,452,774,140
332,328,453,773,137
335,327,454,773,132
339,327,454,771,132
340,326,455,770,127
340,328,456,769,129
330,328,458,769,136
334,330,459,769,139
348,334,462,768,140
351,336,464,768,140
355,335,471,768,141
363,336,479,767,143
369,338,481,766,146
368,341,483,766,145
370,339,478,765,147
373,340,477,764,150
376,339,474,764,153
380,342,480,764,157
380,342,484,765,159
380,341,487,766,159
380,340,486,767,160
382,339,487,767,161
383,328,487,767,163
384,324,489,768,163
378,323,489,769,160
366,325,488,768,160
364,325,489,768,156
367,325,488,767,156
366,322,487,766,155
367,322,485,765,153
367,321,484,763,150
367,324,481,761,152
367,324,481,761,154
366,327,481,760,155
366,334,485,761,158
361,334,489,760,163
356,334,490,760,166
352,334,492,760,167
351,333,493,759,171
355,331,494,758,171
360,329,494,757,169
370,321,494,756,161
371,317,494,756,159
386,321,496,756,159
390,315,498,757,157
396,316,498,757,159
400,319,499,757,160
402,318,500,757,164
406,314,499,757,164
409,310,498,757,165
409,306,498,758,162
406,304,500,758,161
406,299,500,758,160
404,298,500,758,157
402,295,499,758,154
401,291,496,758,150
403,293,494,758,125
406,299,491,758,128
408,301,493,758,131
413,303,493,758,131
415,304,493,758,131
416,302,488,758,134
417,299,481,757,135
418,294,475,757,137
418,291,474,756,141
420,287,473,756,143
422,290,473,756,140
423,294,476,756,139
424,296,477,756,139
425,299,478,756,140
425,300,478,756,141
424,299,477,757,138
425,297,478,758,137
423,297,480,758,136
423,297,480,759,137
423,296,480,759,136
423,296,481,759,135
423,300,483,760,134
423,303,486,760,130
424,305,488,760,132
426,307,489,760,132
427,307,485,760,132
427,304,484,761,132
426,303,482,761,133
425,303,480,761,135
423,301,478,761,137
417,304,481,761,136
415,311,486,761,129
416,313,490,761,127
421,312,491,762,131
426,313,491,762,139
427,314,489,762,138
424,313,491,761,137
419,315,491,762,137
415,315,487,762,127
406,315,485,761,118
399,312,483,762,115
391,312,482,762,113
384,312,481,761,113
380,313,481,761,112
375,314,485,761,112
372,319,486,761,115
368,318,490,761,115
368,320,491,761,117
371,319,493,760,117
374,320,493,760,116
381,319,493,760,117
389,321,495,760,116
389,321,496,760,114
388,322,497,760,113
384,321,497,760,112
380,323,496,759,108
376,323,496,759,108
367,325,495,759,107
369,325,497,760,108
379,324,497,758,106
380,322,498,758,105
379,320,498,758,106
379,318,498,758,107
379,319,498,758,108
377,321,500,757,106
366,322,500,758,106
372,323,499,758,103
381,327,499,758,106
