F1,F2,F3,F4,F5
350,227,93,424,537
351,228,93,426,537
353,229,94,428,537
354,229,94,429,538
358,229,94,431,538
356,228,93,432,539
358,225,96,433,539
358,227,94,436,539
359,229,95,440,538
360,231,96,442,538
362,235,96,444,538
366,237,96,444,539
368,231,96,446,539
369,225,94,446,540
369,216,97,449,541
366,203,96,449,542
367,195,97,442,542
368,185,97,437,542
369,173,93,436,543
370,166,92,437,542
373,172,94,439,541
380,183,95,442,541
383,196,97,442,540
392,226,98,444,539
396,250,98,446,537
406,303,112,446,538
413,357,119,450,537
414,393,125,453,532
416,424,129,454,531
416,436,133,454,531
417,460,125,455,526
417,435,128,457,522
416,371,111,458,520
415,301,99,460,517
419,266,81,460,515
424,155,85,458,515
429,92,89,457,518
433,84,88,455,524
435,95,94,453,530
435,125,95,447,539
436,174,94,435,545
437,196,96,425,549
441,219,86,415,551
455,225,74,401,551
473,225,67,389,551
489,214,52,386,549
507,191,46,392,549
526,178,39,381,544
546,150,21,386,540
550,131,20,351,533
543,111,23,314,524
533,107,57,310,528
519,89,61,314,523
515,81,70,307,527
518,23,76,329,524
521,40,78,345,527
521,33,70,362,525
519,41,73,376,524
518,70,72,388,529
512,89,69,396,531
514,99,65,403,536
518,106,67,406,543
516,119,72,403,544
500,130,73,405,543
478,133,86,410,540
473,130,95,407,542
475,131,88,411,545
484,136,97,406,548
490,141,101,414,548
491,153,111,422,549
489,163,117,428,551
492,177,123,435,553
490,196,126,451,553
488,206,129,465,554
489,201,122,471,556
494,196,107,472,557
495,194,105,470,563
501,198,119,474,566
507,213,125,483,572
514,229,133,493,575
526,277,158,496,577
533,337,175,496,577
542,396,185,491,580
549,444,192,484,583
554,453,199,476,581
554,484,199,470,581
548,492,197,472,578
537,459,195,474,576
520,399,192,474,573
502,328,171,473,566
488,216,166,474,567
485,103,151,474,561
471,15,156,474,558
430,0,160,480,556
377,0,154,466,552
340,0,138,463,549
339,45,134,471,543
363,131,129,487,533
382,189,106,501,531
399,205,98,511,536
386,193,104,516,536
370,188,103,519,537
355,153,109,522,531
357,137,101,519,524
367,135,106,520,524
382,132,105,522,525
418,136,102,524,525
451,138,107,524,535
466,129,113,523,540
464,123,122,525,543
444,118,128,524,544
415,106,133,523,549
401,104,136,522,553
394,108,132,521,553
400,111,121,514,556
407,119,113,515,556
411,116,100,514,558
384,109,89,511,559
329,94,74,502,561
264,59,67,501,560
224,40,63,510,558
174,41,61,513,559
153,55,60,514,559
176,84,60,515,561
213,88,62,518,561
232,86,56,517,564
257,91,57,513,566
293,112,60,518,567
335,187,90,522,569
373,288,114,525,572
410,387,137,527,577
446,457,146,525,579
454,489,138,522,575
460,488,132,521,573
448,445,119,523,570
428,362,99,517,564
402,235,65,520,548
411,0,57,522,530
447,0,29,506,515
471,0,0,461,496
481,0,0,424,470
484,0,0,365,439
498,0,0,352,431
509,0,0,368,433
522,0,0,401,442
550,97,0,456,451
566,125,0,489,457
552,136,30,508,453
543,121,31,515,450
554,97,22,517,435
579,80,22,520,427
602,58,13,525,418
617,33,16,531,408
625,33,28,536,398
627,36,45,538,396
628,55,50,532,395
627,66,37,521,384
629,89,32,514,377
633,104,20,515,369
635,142,25,512,367
629,173,42,518,360
621,240,65,522,360
625,295,78,525,363
633,323,89,524,359
645,347,101,522,358
653,401,103,527,356
659,476,98,530,343
662,516,104,521,336
660,537,95,516,339
657,521,76,510,340
646,467,36,505,337
619,387,0,502,334
576,312,0,503,334
509,189,0,491,331
466,42,0,503,350
447,0,0,522,371
446,0,0,543,399
449,0,0,546,417
447,0,0,549,441
436,25,0,551,458
421,137,0,548,472
397,153,0,550,480
420,161,0,550,494
437,132,0,549,506
432,114,0,548,513
423,85,0,548,516
410,31,0,544,522
396,19,0,541,526
376,18,0,541,528
347,26,0,543,528
322,31,0,543,526
330,42,0,544,524
352,99,0,543,524
387,134,0,547,522
415,145,0,552,527
433,160,0,557,529
447,179,0,560,533
447,180,0,558,538
427,187,0,557,539
396,199,3,554,539
365,199,14,547,543
326,183,23,541,547
283,162,17,542,550
277,156,31,542,555
273,164,42,542,556
271,179,43,540,557
278,220,54,538,559
279,249,66,539,559
284,279,74,536,561
325,363,106,534,565
392,462,137,541,560
461,540,171,542,562
515,571,182,544,551
544,579,164,546,549
547,548,135,548,546
529,469,82,550,545
501,390,51,556,528
483,172,11,560,514
468,0,2,550,502
462,0,0,528,484
471,0,0,500,466
494,0,0,453,448
516,0,0,430,434
541,0,0,430,421
562,0,0,443,414
573,129,0,455,415
583,183,0,474,417
589,170,0,481,423
584,109,0,493,428
578,0,0,504,433
580,18,0,507,419
591,0,0,515,391
600,0,0,518,383
609,0,0,522,369
616,13,0,525,359
621,37,0,528,358
622,38,0,530,350
619,44,0,533,348
608,54,0,535,350
598,59,0,534,357
590,59,0,532,357
595,85,0,534,357
606,108,0,535,355
615,115,0,533,344
619,115,0,532,337
622,119,0,529,332
623,123,0,528,328
621,152,0,527,329
613,192,0,525,326
611,261,0,522,334
614,385,0,521,328
619,458,0,523,317
617,495,0,525,311
616,484,0,534,310
613,441,0,543,312
606,371,0,551,317
586,289,0,560,329
564,159,0,565,338
546,15,0,566,342
525,0,0,557,354
501,0,0,562,375
490,0,0,552,405
482,0,0,544,431
479,0,0,533,460
482,0,0,527,477
479,48,0,518,506
469,116,0,523,518
430,142,0,521,525
409,151,0,529,526
397,142,0,531,524
397,139,0,537,527
408,166,0,539,528
415,180,0,540,527
417,190,0,540,528
407,186,0,542,528
384,171,0,543,525
366,163,0,544,525
352,172,0,545,527
335,184,0,547,530
328,199,0,550,533
306,198,0,553,533
293,184,0,553,531
263,155,0,553,533
260,116,0,558,533
271,118,0,559,533
279,140,0,562,534
294,181,0,562,534
289,203,16,568,536
273,204,26,571,536
251,208,31,574,537
253,218,37,574,538
252,235,39,577,539
245,248,47,575,539
221,265,68,574,538
211,285,78,572,539
205,317,107,569,539
205,343,129,567,545
216,371,149,566,547
246,398,170,568,550
282,453,192,569,552
331,496,205,570,553
376,547,210,572,547
404,573,208,574,541
422,570,193,576,541
417,518,154,575,538
392,438,113,572,535
347,340,65,571,526
321,211,13,564,517
311,42,9,552,509
317,0,0,528,502
354,0,0,488,477
395,0,0,468,463
417,0,0,474,441
470,0,23,485,435
515,83,87,502,432
544,187,137,514,427
573,223,147,541,429
580,247,134,560,430
579,235,121,578,442
573,199,125,588,447
575,169,114,592,414
581,138,101,596,396
590,134,81,598,383
605,146,104,604,362
618,153,101,607,366
626,191,106,611,371
629,199,108,615,360
627,215,121,617,363
623,216,108,616,368
623,206,100,613,374
622,200,69,609,374
623,193,61,607,375
622,196,70,605,376
625,220,83,602,373
623,238,76,596,370
625,236,39,587,366
632,218,23,569,361
643,175,0,565,352
653,152,0,563,351
659,149,0,562,351
665,149,0,568,356
668,177,0,568,351
670,229,23,565,358
671,256,37,559,358
675,301,47,555,361
680,371,67,556,365
686,427,90,562,367
686,459,118,565,362
682,473,117,567,360
675,466,115,568,356
668,443,77,570,358
661,384,56,564,363
652,306,0,558,365
641,217,0,549,357
632,103,0,539,351
624,0,0,515,355
611,0,0,506,363
600,0,0,512,393
585,0,0,514,425
565,0,0,512,444
540,0,0,509,453
513,57,0,514,471
489,107,0,523,477
463,104,0,535,488
431,120,0,539,490
417,117,0,542,497
409,132,0,542,499
406,137,0,535,502
404,122,0,523,504
394,117,0,519,505
375,123,13,520,507
365,120,28,516,509
366,134,17,516,514
372,144,6,516,516
378,146,0,519,519
372,149,0,519,520
351,92,0,517,518
320,93,0,512,514
309,102,0,505,507
317,138,19,499,507
335,172,19,492,506
350,224,17,491,512
385,291,32,498,517
420,401,69,507,530
446,505,100,513,530
457,565,135,520,533
459,584,145,516,543
451,595,128,503,544
430,549,93,496,545
397,469,48,497,535
356,438,23,494,514
320,282,0,501,475
297,99,29,507,448
302,0,32,511,415
362,0,26,510,385
408,0,0,505,365
472,0,46,515,358
521,0,74,539,347
552,201,82,550,362
569,294,108,557,376
569,309,137,566,397
564,304,131,569,403
564,302,127,575,395
580,258,121,575,383
594,241,123,585,382
605,245,138,592,371
613,249,141,594,362
622,262,145,596,360
628,266,142,598,357
638,276,140,598,357
638,272,134,597,353
636,271,132,598,350
635,266,129,598,350
635,258,122,601,348
634,247,115,607,347
634,247,119,610,344
635,250,135,612,342
637,261,141,615,340
639,266,143,615,342
642,266,146,613,339
645,253,133,612,334
647,225,125,611,331
647,231,128,611,332
648,280,140,609,341
655,383,145,606,335
661,487,144,604,333
667,521,136,599,334
666,541,108,589,326
665,516,63,581,315
665,471,0,563,316
666,415,0,553,316
667,365,0,554,315
672,305,0,562,322
669,266,0,564,332
664,187,0,556,365
657,85,0,552,395
633,4,0,541,420
610,11,0,523,438
579,84,0,499,455
538,124,0,496,465
514,176,0,502,479
479,186,22,508,495
458,161,32,506,497
458,147,0,495,502
469,147,0,484,504
486,144,0,456,508
515,131,30,433,510
535,118,60,426,514
544,123,67,432,519
545,128,72,443,522
546,125,67,447,522
547,164,79,454,522
547,197,80,462,524
541,229,84,472,525
525,234,80,474,521
503,224,81,476,518
483,208,86,472,519
468,176,63,463,519
462,192,83,455,521
468,217,88,455,523
466,264,92,453,522
459,299,113,454,527
451,319,112,452,530
444,344,124,451,534
437,392,130,452,545
441,452,148,452,558
450,511,162,453,566
461,563,178,454,559
480,605,170,456,549
483,618,147,457,543
485,579,120,454,538
474,492,64,451,532
435,395,54,455,522
385,263,37,467,512
329,59,0,477,505
287,0,39,484,502
302,0,50,495,497
352,0,56,505,474
434,0,110,524,464
520,0,131,544,453
560,111,186,556,453
566,260,174,570,468
562,313,183,576,474
547,319,186,584,475
526,294,168,587,476
544,251,173,589,473
562,209,169,602,470
585,176,171,611,462
595,151,178,614,445
595,136,181,615,432
589,127,176,610,433
580,126,182,609,435
572,139,181,614,439
568,154,170,616,436
567,159,171,618,436
577,173,172,622,426
586,184,173,627,419
590,184,176,630,418
589,170,179,635,416
590,159,180,644,416
592,152,174,646,414
594,137,175,647,408
595,115,174,648,405
597,119,167,650,406
597,131,173,648,404
589,140,176,648,401
583,142,176,648,406
576,137,177,650,408
567,101,174,650,408
560,82,176,650,409
559,79,179,652,414
561,80,177,654,419
561,83,177,656,421
567,104,176,658,421
572,149,175,660,424
575,185,174,661,426
577,259,176,662,431
579,326,179,663,429
577,374,179,664,424
575,422,181,665,426
573,438,182,665,425
570,423,176,662,424
565,396,163,660,419
558,340,135,659,422
544,276,117,654,424
538,198,102,645,419
552,124,81,633,421
575,121,73,627,424
594,136,80,626,420
614,274,93,628,412
636,440,154,637,407
653,527,188,647,389
664,587,199,651,380
666,604,201,652,376
664,598,195,651,372
659,544,171,648,367
640,447,138,646,369
628,334,109,642,368
620,110,100,643,367
620,0,90,643,380
626,0,88,638,401
632,0,74,632,430
637,0,53,624,454
639,0,37,610,467
643,0,0,602,473
646,158,0,599,475
652,275,0,601,468
654,360,0,600,471
654,382,28,593,478
647,367,32,575,487
633,348,41,558,487
618,303,48,558,477
601,228,41,563,468
576,133,0,565,456
558,90,31,563,452
552,82,48,563,448
558,79,52,560,444
571,106,54,549,445
583,129,54,532,451
589,136,55,525,457
601,146,51,527,464
607,150,53,533,468
614,151,55,537,474
613,134,59,541,477
610,112,67,542,486
611,95,80,544,488
614,94,94,541,492
626,123,95,544,490
636,183,94,548,491
640,272,117,551,486
639,334,140,553,481
635,398,153,553,478
622,427,162,552,476
601,438,168,546,472
584,458,164,547,478
576,465,169,551,483
573,475,180,551,484
570,509,184,551,479
558,520,189,547,476
540,513,183,541,472
512,460,167,539,462
481,385,147,533,455
444,264,88,524,447
407,0,84,518,448
343,0,70,521,441
296,0,69,521,426
304,0,71,515,420
348,0,82,516,404
396,0,94,540,396
446,0,141,554,405
467,21,184,563,419
468,179,222,570,439
463,260,222,574,445
444,282,218,578,441
428,277,192,584,445
413,265,188,592,439
414,265,189,595,434
424,270,196,600,426
433,287,192,606,416
439,288,192,610,407
442,277,197,616,404
440,272,197,623,408
437,264,185,624,412
423,248,171,627,415
412,252,162,626,425
409,242,153,628,432
400,215,149,632,432
397,206,145,633,438
400,207,144,635,436
409,213,133,636,439
418,220,129,639,439
436,237,132,640,443
436,274,138,643,445
424,309,148,645,442
421,328,170,644,446
426,400,183,644,449
442,455,191,645,451
468,508,198,644,442
492,537,181,643,424
515,531,148,640,415
530,514,95,631,390
534,462,45,613,370
542,372,16,600,355
554,292,0,594,355
573,212,0,587,360
588,53,0,581,361
596,0,0,551,374
600,0,0,506,378
603,0,0,453,370
595,0,0,394,369
597,7,0,366,384
585,56,0,368,403
570,77,0,381,422
558,56,0,407,438
546,63,18,424,456
529,50,25,440,463
538,46,33,453,469
552,64,47,460,477
566,75,40,449,476
581,94,25,439,477
586,84,24,430,473
591,87,27,434,475
596,105,46,450,478
597,154,49,466,483
602,212,58,480,481
598,267,81,494,482
594,300,117,493,482
584,300,120,488,481
577,295,120,478,480
583,289,123,480,480
596,297,140,496,477
605,349,160,510,473
609,423,180,525,456
612,512,200,531,438
610,556,208,521,426
607,573,191,518,396
597,565,173,521,391
575,490,91,528,390
521,421,60,528,389
452,331,42,530,379
402,204,31,532,378
328,67,33,525,377
294,2,28,528,388
309,0,0,534,394
337,0,0,541,401
366,8,50,558,407
376,86,58,568,424
359,194,55,575,437
332,250,68,579,441
316,305,84,573,449
291,311,100,575,455
264,317,83,583,453
228,309,93,581,452
206,286,88,582,451
162,262,93,587,449
143,241,102,588,445
132,233,106,592,453
128,225,123,594,449
140,224,139,599,447
151,239,148,602,452
178,246,151,607,454
181,247,151,610,457
167,235,153,611,453
155,214,150,611,457
154,201,151,612,459
166,206,154,613,463
204,227,158,613,466
222,252,164,616,467
241,287,172,618,466
245,325,179,620,468
247,349,183,621,470
249,379,190,622,473
255,420,205,623,474
267,463,215,620,473
289,520,238,620,469
316,542,233,617,463
334,547,223,610,459
340,536,201,606,451
337,505,142,599,443
330,410,82,590,436
324,274,14,583,432
345,3,0,579,428
383,0,0,578,427
414,0,0,559,427
445,0,0,532,416
465,0,0,480,398
498,0,0,443,385
522,0,0,402,381
537,0,0,368,385
558,119,0,368,387
563,178,0,371,386
574,176,0,375,392
588,133,0,391,396
596,96,0,406,391
598,78,0,422,396
605,73,0,435,395
614,98,0,449,394
622,125,0,444,398
627,130,0,432,397
623,126,0,429,400
622,119,0,455,404
626,115,0,471,406
627,111,0,487,406
628,128,0,497,403
629,140,0,504,401
630,146,0,504,403
631,145,0,509,399
633,146,0,509,395
628,159,0,509,393
631,160,0,519,397
636,172,0,525,395
638,201,0,527,393
639,231,5,517,392
637,258,2,501,393
636,294,8,498,395
633,349,27,498,392
625,440,73,499,381
619,524,117,507,370
618,574,140,508,365
616,608,138,503,354
612,611,114,497,351
603,585,95,499,355
597,527,49,509,356
589,455,22,520,360
573,401,20,528,366
550,336,19,538,368
532,303,22,542,371
504,276,0,539,378
492,274,0,526,382
488,273,0,514,397
482,291,0,504,405
480,302,0,498,409
452,307,8,500,418
406,282,12,496,411
354,218,12,508,424
325,140,13,510,429
319,91,13,513,432
314,73,19,518,437
310,68,38,524,433
302,77,42,526,431
298,81,46,521,424
302,89,39,528,424
288,96,30,532,425
299,104,3,526,426
303,124,0,523,429
293,147,13,518,429
252,166,36,512,434
221,174,36,512,439
183,193,41,511,442
149,205,36,508,443
131,208,22,506,447
128,210,21,502,450
131,212,22,499,447
141,221,27,496,451
177,231,41,496,454
213,240,43,493,457
220,241,48,493,460
219,227,50,497,459
222,227,53,499,461
226,231,53,496,466
228,232,53,495,465
218,234,58,497,467
197,234,71,496,467
188,224,73,497,466
182,223,77,498,465
179,218,80,499,464
176,221,86,498,463
176,224,88,493,468
181,221,91,488,468
187,226,90,481,468
191,221,91,473,467
194,221,87,466,468
205,214,86,457,468
219,208,74,448,465
221,202,62,443,466
219,196,64,440,466
209,195,66,438,467
196,197,64,438,468
188,206,65,435,471
184,208,71,430,471
186,210,73,426,473
189,213,63,426,474
187,212,61,427,474
176,216,60,428,474
160,219,64,430,475
155,224,68,431,475
154,227,70,432,476
159,237,73,432,478
165,241,70,428,478
173,245,62,420,479
179,246,56,417,479
182,248,56,420,481
184,254,57,422,482
190,255,58,426,482
194,256,60,429,484
203,258,59,429,485
199,259,59,429,485
198,262,56,429,486
198,259,50,431,486
201,259,49,432,486
203,259,50,431,487
203,256,49,431,487
204,257,49,431,487
205,259,53,432,490
206,262,55,433,490
207,261,59,433,490
212,260,67,433,488
211,260,72,432,490
214,259,74,431,490
224,258,62,430,490
231,258,61,426,491
240,258,58,423,492
247,258,55,424,493
253,260,50,424,493
253,262,46,422,493
249,264,47,422,493
240,266,48,423,492
214,267,53,423,491
207,269,59,423,491
210,269,60,424,493
216,267,59,423,496
233,263,55,422,496
241,258,52,423,496
244,257,50,420,495
246,256,50,419,492
242,258,50,418,493
235,263,52,417,493
218,266,54,420,494
214,266,55,417,494
217,269,54,416,493
223,267,56,413,491
227,264,54,412,488
228,255,52,414,486
238,249,50,417,486
238,248,52,419,486
233,245,52,422,485
222,244,53,417,486
221,242,53,410,488
217,244,54,409,488
202,247,55,409,487
201,252,54,412,487
200,254,54,416,490
206,250,49,417,490
216,235,36,417,490
219,227,32,418,489
221,224,32,419,490
223,222,26,420,491
234,220,27,417,491
236,223,28,414,492
227,223,28,413,493
222,227,27,415,493
221,230,28,417,492
218,230,28,420,493
219,225,26,421,495
220,218,25,421,494
223,217,26,421,494
225,217,27,420,494
228,215,28,421,492
229,215,33,423,493
228,217,35,424,492
229,215,28,425,491
228,216,27,426,492
228,214,29,425,493
226,212,30,426,494
224,215,34,426,494
226,217,35,426,495
228,218,37,425,495
232,218,36,423,496
240,216,37,423,496
250,214,38,422,497
248,210,32,423,494
247,207,31,417,493
236,202,32,415,492
233,201,33,415,492
230,205,38,415,492
230,207,40,412,493
234,206,41,408,494
237,201,44,406,496
238,199,46,408,496
237,200,48,408,495
237,200,54,408,494
