F1,F2,F3,F4,F5
594,172,405,792,188
594,172,404,792,186
594,178,404,792,185
595,184,398,792,183
596,189,400,792,181
601,187,400,792,180
604,188,402,792,187
605,188,404,792,189
608,187,405,793,204
609,206,405,793,213
609,229,406,793,219
610,284,408,793,232
610,365,412,794,233
611,423,414,795,237
614,461,416,795,245
615,485,410,796,249
617,476,402,795,252
617,436,401,794,257
620,367,392,793,250
620,244,386,790,251
621,157,381,791,240
625,134,388,792,243
632,174,397,794,264
639,228,411,795,281
647,291,414,797,296
652,358,418,797,302
653,381,419,797,308
656,314,418,797,313
656,128,409,796,310
654,0,385,795,301
649,0,380,794,285
654,0,338,789,252
669,0,310,786,220
672,0,297,786,199
675,0,312,783,221
680,0,290,782,224
682,0,298,780,219
679,0,296,778,218
679,0,283,778,215
682,0,271,779,202
682,0,277,777,197
682,0,288,779,162
683,0,316,782,149
689,0,335,785,171
691,0,354,788,191
696,0,356,790,201
697,0,360,791,210
698,0,366,791,222
701,0,370,791,218
704,0,372,791,217
705,0,372,791,220
709,0,382,791,231
708,0,384,791,251
706,0,388,792,268
703,0,395,792,270
702,37,404,791,258
703,81,396,789,238
707,137,395,788,246
713,179,393,788,251
721,219,395,790,258
728,251,397,790,293
734,256,398,791,301
737,255,402,789,304
739,256,407,790,314
740,247,404,790,327
739,240,403,789,338
740,256,398,788,343
742,274,392,786,346
744,294,394,785,349
745,313,405,783,355
745,321,411,781,360
746,321,418,778,372
745,315,430,779,370
741,302,432,782,370
740,287,435,782,368
739,283,433,782,366
740,284,431,781,364
743,288,421,781,372
746,293,422,782,380
748,298,430,780,383
748,306,434,779,393
746,315,439,779,397
743,318,439,779,397
740,321,438,778,389
738,320,434,777,380
741,316,422,777,379
746,315,415,778,380
749,313,409,776,384
751,303,414,777,388
752,328,425,775,401
752,338,429,775,403
750,347,431,775,411
750,351,431,775,409
750,352,429,774,408
751,350,427,770,406
752,357,424,770,408
753,361,425,771,411
754,363,431,772,414
755,367,433,772,414
756,371,432,773,413
756,379,436,772,414
756,382,436,771,406
756,385,436,770,404
757,387,431,770,404
758,383,430,770,412
759,380,428,770,417
759,379,430,769,421
760,379,434,769,429
760,386,435,769,432
759,385,436,769,427
760,385,436,769,424
760,391,436,769,425
761,398,437,768,428
761,402,438,768,430
762,409,438,769,434
762,410,436,769,429
762,412,436,768,419
762,413,436,768,415
762,412,438,768,413
762,423,437,768,414
762,437,434,769,412
762,469,434,769,409
762,503,442,768,406
762,534,447,768,399
762,546,451,767,390
762,552,455,767,385
761,526,458,766,381
761,443,461,764,376
760,333,464,760,369
758,221,465,758,357
753,82,451,759,338
743,0,444,756,328
730,0,432,753,321
716,0,430,755,316
697,0,429,758,305
681,111,433,762,290
663,209,425,769,280
658,282,431,778,275
657,335,440,785,281
658,331,427,790,281
656,333,411,795,285
651,328,398,802,284
649,323,379,803,287
646,336,374,806,280
643,340,378,808,281
646,345,379,808,294
650,346,384,808,306
654,353,388,809,320
653,355,384,810,328
646,351,384,810,337
642,344,383,809,343
641,341,380,809,359
642,348,373,809,363
648,350,369,810,368
651,353,366,810,371
653,363,363,810,377
653,362,356,809,384
652,354,342,808,388
653,348,335,807,387
651,346,336,806,388
646,346,333,804,396
637,343,336,804,391
620,344,336,804,391
616,358,340,804,392
622,369,345,805,387
627,379,344,805,394
627,388,347,805,406
625,392,348,805,413
625,393,348,805,420
628,394,350,805,422
625,394,354,805,426
621,392,357,805,427
619,390,360,805,430
628,391,360,805,432
637,388,360,806,435
643,395,362,806,434
651,402,367,805,435
657,409,368,806,442
657,413,373,806,450
649,412,379,806,447
641,404,382,806,445
629,392,384,806,438
612,363,377,806,426
598,344,368,806,419
588,324,360,805,409
569,303,351,805,393
542,290,355,805,382
511,296,358,804,368
488,294,350,805,359
476,296,344,805,347
479,299,339,805,340
486,296,321,805,342
494,299,319,805,339
507,298,312,805,337
522,304,313,805,331
531,314,316,806,329
531,322,324,808,328
533,333,335,809,318
526,337,340,808,310
514,345,345,808,306
508,350,353,808,296
504,364,357,808,287
508,367,361,808,279
529,368,356,807,281
553,382,352,807,285
572,438,353,809,295
589,497,366,811,301
599,566,372,812,312
606,596,365,812,316
607,583,354,811,318
595,524,349,809,321
578,447,320,806,321
566,254,268,803,309
573,67,259,801,294
596,0,256,801,282
621,0,246,799,267
641,0,232,795,237
650,0,213,787,185
658,0,194,778,150
665,0,201,773,128
672,159,220,774,131
677,245,234,780,143
677,260,268,784,147
681,267,297,787,158
686,256,321,788,165
690,259,334,789,161
689,262,349,791,155
685,260,361,791,149
681,261,365,794,147
679,250,371,796,148
680,245,370,798,145
682,238,372,799,130
684,242,375,800,118
684,248,380,803,109
687,248,385,804,113
691,258,384,805,121
692,273,387,805,168
691,274,390,806,180
693,279,388,805,159
697,276,373,804,143
701,273,354,804,157
703,274,358,802,174
703,278,364,801,191
701,272,370,801,207
693,266,377,802,221
687,274,385,802,224
689,277,383,802,226
695,281,376,800,229
702,303,357,801,242
708,320,351,802,255
712,342,358,801,263
714,349,365,802,276
713,355,378,802,279
713,366,384,802,277
716,368,384,799,268
719,359,380,799,269
721,336,380,797,271
725,325,373,797,281
724,331,377,797,289
725,337,380,796,291
723,339,383,795,287
719,338,384,796,293
717,340,385,796,297
715,344,385,794,297
712,350,388,795,300
710,357,393,795,301
714,351,390,796,297
717,339,380,796,297
719,333,365,795,303
721,330,358,794,305
723,326,361,794,303
722,331,368,794,303
719,344,383,795,310
718,351,389,794,314
720,362,394,794,308
723,363,394,794,311
724,362,391,794,317
728,346,381,794,324
730,329,375,794,325
731,330,379,795,330
730,340,388,795,333
731,356,393,796,327
731,365,395,796,322
733,374,399,796,319
735,402,403,796,319
735,435,405,796,321
735,460,408,797,323
736,489,415,797,319
737,529,420,798,308
736,504,421,798,304
731,447,408,799,298
728,368,381,798,291
723,287,355,797,277
718,210,348,796,278
713,129,344,795,281
709,75,332,794,285
699,70,329,793,280
684,87,318,791,274
664,123,309,790,273
639,197,301,790,270
611,239,304,789,250
578,276,311,787,246
571,289,313,786,216
574,297,306,785,216
581,281,304,785,240
586,279,307,785,248
601,282,306,788,258
613,288,298,789,266
620,295,295,789,279
621,300,301,789,280
614,306,306,788,290
594,303,313,787,301
585,303,315,786,321
589,304,320,787,324
600,308,309,787,326
606,322,307,787,329
611,321,291,786,333
616,321,295,785,345
619,321,299,785,350
622,317,313,785,355
623,313,320,786,364
626,310,318,786,368
632,308,307,784,372
637,304,291,781,374
640,293,284,780,376
645,284,269,777,379
656,282,267,773,395
668,284,262,768,402
682,282,266,762,405
686,282,274,760,407
684,285,278,759,411
677,268,286,757,416
668,264,282,758,424
658,272,303,758,425
648,274,307,758,423
637,276,312,759,411
627,279,314,760,408
620,290,311,760,393
615,301,307,760,391
610,306,306,759,389
600,312,307,758,395
596,314,302,758,398
584,296,296,759,398
563,265,296,762,399
543,239,297,763,395
524,189,286,763,390
514,186,287,763,367
529,200,292,764,361
546,219,294,766,359
567,240,302,768,360
579,275,310,770,359
582,309,321,772,360
581,344,327,773,364
572,365,338,775,362
560,394,348,775,355
553,423,361,775,354
551,456,382,775,354
558,525,390,775,354
566,564,401,776,354
578,588,398,778,354
588,580,393,778,353
592,529,367,777,356
589,424,339,776,356
585,299,320,775,347
584,161,319,771,336
587,0,318,770,309
600,0,323,768,276
617,0,315,763,232
636,0,283,759,154
654,23,294,754,90
658,163,320,754,71
664,254,339,758,65
672,315,373,766,62
681,341,384,772,63
683,372,399,782,61
683,369,397,787,62
683,360,399,790,65
680,348,400,792,75
675,337,401,795,81
673,339,403,797,79
671,334,410,799,87
672,330,403,800,80
672,336,394,800,76
672,345,391,801,74
673,347,386,801,76
677,346,387,801,78
680,349,393,801,122
679,353,400,803,153
679,350,407,804,167
680,351,405,803,151
688,354,394,802,160
696,360,378,801,184
703,363,368,799,189
705,367,362,799,201
705,354,366,799,209
705,310,371,801,218
705,283,374,801,229
705,284,368,801,236
708,290,368,801,241
714,297,365,799,243
716,330,373,800,248
716,348,378,802,253
717,356,384,802,255
718,354,390,802,257
713,357,392,803,258
709,355,396,804,257
707,353,400,802,254
707,352,400,802,255
710,350,402,802,254
716,358,400,802,262
720,364,399,798,273
724,365,394,797,294
726,364,400,795,313
726,367,401,796,318
721,367,404,796,319
718,362,408,796,316
721,371,409,795,315
725,375,406,795,318
726,371,405,794,318
728,365,402,794,322
730,360,399,794,327
731,369,402,794,329
730,374,406,794,332
728,375,408,795,338
724,377,409,794,341
722,379,409,794,343
721,373,408,793,345
723,366,405,793,349
726,362,403,793,352
728,360,404,792,349
729,354,406,792,346
729,358,411,793,341
727,362,411,792,339
727,369,413,792,338
727,369,419,792,339
726,374,424,793,338
727,410,432,793,327
728,442,436,795,327
729,483,447,796,323
733,517,453,797,323
734,547,458,797,327
734,548,454,797,332
733,501,436,797,342
729,421,414,797,343
728,322,391,796,342
718,161,385,794,342
702,0,368,793,343
691,0,361,790,346
679,0,348,787,349
663,0,347,785,355
654,0,345,786,358
641,0,345,781,361
627,100,343,773,345
599,228,329,765,336
590,292,307,759,319
583,314,294,754,311
579,316,275,752,304
582,315,270,754,313
591,298,262,758,329
604,300,263,760,358
614,297,258,760,369
616,302,260,761,372
616,306,276,761,368
615,309,277,762,371
614,319,279,763,369
612,320,285,763,362
611,322,284,761,362
607,326,295,761,343
607,334,299,761,336
611,340,299,760,332
617,342,302,760,338
622,344,303,759,350
624,345,306,758,367
625,346,311,759,374
614,350,317,761,376
603,325,316,761,375
599,292,299,761,374
595,271,286,759,375
596,272,281,759,383
597,283,288,761,387
592,307,297,762,385
601,332,309,763,385
609,346,316,764,383
613,351,308,763,389
620,342,300,762,394
621,332,293,762,395
618,332,293,760,394
610,337,293,760,388
591,341,296,761,381
571,343,301,760,378
553,342,296,761,368
541,324,291,759,355
544,316,291,758,355
553,319,293,759,358
559,334,295,762,376
565,348,302,764,386
565,360,306,765,386
565,365,305,764,386
565,364,305,764,379
563,354,300,764,369
561,330,298,764,357
553,314,299,764,351
539,312,298,764,355
521,329,309,764,354
500,346,315,763,353
485,354,324,759,347
473,348,319,755,347
462,342,312,754,348
453,346,311,754,352
473,355,318,756,351
505,405,330,759,355
532,471,349,762,361
550,522,362,764,361
561,574,367,764,364
568,588,360,763,365
565,568,350,762,367
553,512,326,760,370
533,396,317,757,367
511,294,310,756,360
498,166,319,756,348
488,82,321,757,323
488,1,322,755,278
519,25,319,755,235
562,123,307,754,138
589,177,290,752,99
602,237,286,752,79
618,289,309,753,58
625,332,335,758,50
627,331,364,767,50
633,324,390,774,48
637,326,411,781,54
638,293,415,784,55
636,274,429,788,64
632,263,432,793,75
636,265,435,796,76
640,285,433,799,89
646,311,435,802,95
650,315,439,806,92
653,315,439,808,91
655,304,435,809,86
653,293,434,810,81
647,290,441,812,82
644,295,443,812,86
643,298,443,812,92
644,308,441,812,95
651,327,436,812,89
663,348,422,812,82
668,356,405,812,89
669,351,402,811,154
661,335,412,811,165
650,328,422,812,175
635,325,428,813,176
626,318,433,813,176
619,305,436,815,175
625,303,431,817,182
632,307,427,818,193
631,317,425,818,207
623,322,423,818,211
614,327,424,819,225
609,322,418,819,234
603,324,420,819,232
599,323,413,819,226
593,313,402,818,223
590,308,400,819,226
591,316,402,820,227
590,319,397,819,223
593,327,397,820,226
600,337,405,820,232
608,346,408,820,246
609,350,408,821,256
607,334,408,822,258
607,332,411,822,246
609,327,411,823,224
610,321,406,823,225
610,314,406,824,226
612,306,403,824,229
612,312,408,825,236
614,324,413,824,242
616,333,420,824,247
617,341,423,824,251
617,342,422,823,249
618,335,413,823,244
619,328,408,824,237
620,329,408,824,239
623,334,412,825,246
624,344,418,825,252
627,346,421,825,259
630,352,422,825,262
632,350,419,826,254
632,325,410,827,249
633,299,407,826,245
635,287,403,827,250
637,286,401,827,255
638,299,407,828,260
643,347,413,830,267
646,377,421,830,275
650,398,427,830,277
655,413,428,830,270
658,415,428,830,265
659,409,426,830,268
656,403,426,830,267
653,400,426,831,268
654,408,429,831,265
656,409,433,830,247
655,426,436,830,208
650,439,436,830,187
639,442,431,831,168
632,442,429,831,139
625,444,427,831,126
626,436,432,831,133
629,456,441,831,129
632,477,445,831,129
636,494,445,830,130
639,511,445,830,142
641,527,445,830,161
640,533,443,830,183
638,496,432,829,190
636,449,405,828,194
632,327,382,826,193
629,125,378,823,194
630,0,372,821,203
634,0,360,819,212
639,0,353,820,234
642,0,359,818,246
648,0,359,816,267
652,94,362,813,279
652,222,357,808,292
652,306,339,803,301
650,363,334,794,306
647,387,333,788,305
637,407,328,786,301
622,401,317,788,303
599,372,291,787,288
580,340,276,786,261
571,300,263,783,238
567,298,243,780,233
572,303,240,775,235
583,313,250,770,264
595,323,253,765,285
603,338,263,761,316
607,351,273,759,318
607,361,281,761,325
604,367,286,762,319
605,369,287,763,292
608,367,293,766,289
615,370,301,768,287
622,379,319,771,292
625,391,336,774,304
627,384,341,775,318
628,373,336,776,329
628,366,326,775,334
626,356,320,774,340
622,348,314,773,338
604,344,308,772,333
595,326,300,770,321
590,293,289,768,317
577,270,295,765,317
570,240,279,755,304
557,233,258,748,302
531,202,237,739,298
504,190,222,725,281
491,196,219,712,283
482,200,223,702,305
499,207,231,699,310
519,242,253,704,316
538,258,265,710,322
564,262,271,715,329
578,258,275,722,337
585,252,282,723,345
582,248,288,724,346
576,257,293,726,339
574,265,295,726,331
578,275,294,723,336
581,285,287,724,337
582,297,274,723,338
584,302,272,722,342
587,305,271,722,345
590,308,276,723,348
587,307,281,724,350
581,309,286,726,357
578,316,301,727,353
581,343,328,727,355
584,366,338,727,360
587,396,341,729,363
587,429,348,731,367
587,487,354,732,376
587,533,356,732,380
580,571,365,729,380
576,589,361,726,379
571,587,358,722,374
559,552,330,718,364
545,488,306,713,365
528,357,273,714,359
515,278,255,718,336
516,159,263,721,316
526,95,272,724,297
546,101,281,727,258
564,143,292,731,207
593,195,303,735,162
627,273,350,747,110
655,355,388,758,111
671,409,421,769,140
663,449,447,780,176
644,458,453,786,215
629,461,460,790,232
617,458,467,794,243
609,454,466,798,259
610,460,460,804,258
622,461,463,807,243
634,465,475,812,250
645,470,480,815,253
654,476,486,817,251
662,473,486,818,260
668,469,483,819,266
674,466,481,821,273
674,469,486,822,280
677,471,491,823,291
679,475,491,824,299
679,476,493,824,305
679,473,492,826,307
677,444,493,826,313
676,456,496,827,326
679,457,499,828,329
679,466,494,829,342
680,468,497,829,359
682,468,495,828,365
683,479,494,829,370
683,480,487,829,375
679,481,490,830,373
676,477,491,830,367
681,470,494,830,366
687,476,491,830,364
691,480,487,830,360
692,481,487,831,361
692,483,490,833,353
691,481,493,834,354
690,480,495,835,359
686,475,496,835,366
683,470,496,834,372
682,467,495,834,377
683,468,491,834,381
684,471,489,834,383
687,475,491,835,390
689,480,494,835,391
688,481,496,836,394
688,474,500,836,395
686,467,500,836,380
685,466,499,836,375
687,462,496,835,376
687,463,498,836,375
688,467,499,836,379
688,471,501,837,382
688,471,498,837,380
685,466,495,837,376
684,459,487,837,382
686,452,483,837,386
689,455,485,836,385
691,464,489,836,383
690,470,494,836,377
692,471,494,835,369
693,469,491,834,363
695,460,474,833,350
694,455,473,833,341
690,456,477,832,340
686,456,479,832,346
684,456,480,833,352
681,458,483,833,350
682,460,484,833,344
685,465,492,834,338
689,470,494,835,340
693,481,498,835,346
695,495,501,837,355
696,513,504,838,359
696,532,508,838,370
695,559,508,838,373
696,602,511,837,374
699,644,509,838,369
703,661,506,839,364
707,659,490,838,373
703,619,447,837,380
703,487,401,835,387
699,294,370,834,405
695,0,359,834,416
692,0,362,832,429
698,0,351,828,433
713,0,319,822,424
712,0,336,820,424
711,0,348,814,419
706,0,351,804,411
699,151,331,794,407
699,225,289,790,396
697,186,251,786,374
688,103,241,785,347
669,0,208,787,311
654,0,173,786,259
656,0,175,785,268
665,0,173,783,256
675,25,189,778,266
681,146,204,776,285
684,183,229,776,322
687,215,253,778,340
686,213,263,780,344
673,204,275,783,344
664,207,278,785,309
658,216,280,786,298
656,218,283,785,300
653,214,284,786,304
649,216,286,787,311
645,228,293,787,325
632,235,293,788,341
613,227,293,787,346
593,213,284,788,344
578,199,269,788,346
557,172,228,787,352
554,189,212,783,367
555,229,216,783,375
560,248,225,783,379
561,264,230,784,381
559,266,233,784,385
560,267,237,784,388
561,261,240,784,390
562,260,245,783,389
562,269,251,784,394
564,272,262,784,400
567,277,268,784,405
569,279,270,785,406
569,286,272,785,408
570,286,273,783,411
574,289,276,781,414
582,287,280,779,414
588,296,285,776,417
594,306,281,775,418
600,299,272,776,421
605,286,258,774,416
604,275,253,771,421
600,273,257,766,426
592,279,265,766,423
585,286,273,766,426
582,301,279,767,424
585,321,300,769,422
590,358,305,770,422
593,406,321,772,423
590,455,337,773,425
578,511,356,774,423
560,537,366,773,415
554,566,368,774,396
546,555,362,773,391
540,491,334,769,382
538,384,304,762,376
537,220,286,760,361
529,0,290,758,347
536,0,292,759,344
555,0,321,762,344
565,0,344,764,334
576,0,363,768,293
589,0,372,772,246
598,150,385,775,205
599,235,406,777,170
598,297,422,784,145
605,339,434,794,137
627,348,440,801,156
634,362,442,805,200
641,353,436,807,232
642,360,437,808,270
638,365,437,811,304
638,370,439,812,309
638,367,436,814,306
639,357,439,815,288
638,341,439,816,286
639,343,445,817,294
642,344,449,819,313
645,342,452,820,320
643,346,452,820,330
641,347,450,820,347
635,341,446,821,367
628,346,445,821,373
622,351,445,821,372
615,338,439,820,377
606,334,435,821,381
601,326,430,821,389
593,317,420,821,394
586,316,419,823,397
561,287,408,823,399
548,258,395,824,397
535,256,393,824,399
524,255,387,824,398
522,252,373,824,400
525,267,369,823,403
524,270,358,823,407
521,260,351,823,412
515,232,340,822,414
513,214,331,820,415
511,211,326,820,415
501,208,324,819,419
489,212,332,818,406
459,229,326,817,395
420,247,320,814,379
395,249,311,812,368
382,233,300,812,359
387,233,299,811,352
408,237,299,811,347
437,255,309,813,357
462,274,326,815,370
473,289,343,816,385
477,306,362,816,389
479,321,370,816,391
479,327,369,815,388
469,327,368,814,388
450,329,371,814,388
443,340,374,814,384
455,387,380,814,391
478,468,399,815,404
494,543,414,816,408
513,595,416,817,418
522,617,402,817,427
529,606,385,816,444
527,555,352,815,454
515,443,323,814,459
513,312,293,813,463
515,167,282,812,460
521,1,261,811,452
542,0,252,809,441
566,0,255,805,435
592,0,264,801,426
612,0,242,794,408
625,0,240,784,395
634,159,240,772,373
630,223,213,763,321
621,234,193,753,283
602,199,198,744,241
589,194,197,737,210
576,183,204,735,168
577,191,195,740,145
593,197,176,742,152
608,201,186,746,140
618,192,178,748,163
624,171,175,748,187
628,149,181,747,192
626,153,205,744,179
620,145,218,736,150
618,163,243,730,138
626,186,270,730,131
631,192,282,732,147
636,187,289,738,165
639,189,292,741,179
641,183,289,744,187
644,180,286,745,189
645,188,290,747,192
646,207,292,748,200
656,220,295,748,209
664,240,292,745,220
670,255,295,740,237
674,255,296,737,259
677,257,297,733,264
680,259,306,731,276
681,269,309,730,285
683,273,315,728,287
684,273,326,730,299
684,274,333,731,304
686,279,337,730,307
690,273,339,728,320
696,274,340,726,325
699,274,347,723,326
699,279,351,722,327
694,286,354,723,324
691,287,359,726,322
692,290,359,727,322
695,286,351,724,324
700,290,351,724,331
704,288,352,725,343
709,285,356,724,343
709,285,357,723,338
709,283,361,722,333
705,280,368,721,326
699,282,371,720,318
698,281,374,721,313
696,275,375,722,309
698,269,378,723,316
704,270,381,724,318
705,280,388,725,320
707,278,395,725,322
706,276,400,724,323
707,265,400,722,324
710,255,397,718,322
714,243,395,717,318
719,250,398,717,324
721,265,401,718,323
720,276,404,721,327
719,286,407,721,333
723,285,413,720,337
725,286,414,719,339
726,286,409,717,342
726,288,411,718,344
720,289,412,720,348
719,291,413,721,346
718,294,414,721,348
718,296,416,721,353
719,307,420,721,354
721,309,422,720,353
723,300,421,721,354
725,304,419,722,352
726,313,425,724,353
728,363,431,726,356
731,420,444,727,355
734,464,449,729,356
736,506,459,730,360
737,520,456,730,360
736,495,450,729,363
735,406,433,727,364
730,288,426,724,364
719,156,414,723,350
711,0,421,721,335
706,0,420,723,327
696,0,423,723,326
687,0,424,725,326
682,0,424,725,310
676,0,413,724,298
676,0,388,730,281
675,86,381,735,246
671,168,379,744,164
662,209,386,749,83
654,257,400,761,68
649,284,412,771,52
654,289,420,779,44
653,306,437,787,44
644,321,439,793,53
637,320,440,798,74
618,310,454,803,82
604,308,459,807,84
587,310,457,810,93
581,323,449,813,112
575,310,434,814,126
574,304,426,816,136
575,299,419,817,140
575,287,418,818,147
575,282,420,818,155
573,281,423,819,171
571,294,435,821,187
564,304,439,822,195
559,307,442,823,197
558,308,444,824,211
556,306,446,824,227
547,299,447,823,232
548,302,439,824,239
526,284,418,826,243
519,276,402,826,245
523,266,403,827,247
533,258,405,827,255
536,247,400,827,273
525,242,412,829,279
507,220,444,829,278
487,227,446,828,270
476,238,440,828,261
468,244,429,827,253
463,245,427,826,257
455,244,418,825,260
439,245,412,826,251
426,246,414,826,243
410,249,413,825,236
390,255,399,825,229
372,245,442,826,198
360,247,426,827,204
358,262,419,827,206
373,273,416,828,208
392,283,422,828,208
410,313,432,829,206
430,330,433,830,206
445,328,441,831,206
457,325,441,831,207
462,314,437,830,214
461,307,439,829,210
441,306,434,828,211
423,317,433,828,210
411,334,439,829,211
414,337,440,829,215
418,339,430,828,217
416,334,425,828,217
400,326,421,828,215
383,312,407,828,211
365,299,400,827,207
348,311,396,826,207
353,323,395,826,212
363,340,398,825,216
384,371,403,825,229
388,401,406,825,234
389,421,418,825,234
392,443,419,826,240
398,458,420,826,241
400,472,416,825,242
407,489,421,824,242
416,519,424,823,242
427,542,423,821,245
431,575,424,819,243
435,588,396,818,239
435,562,377,816,239
428,491,338,815,237
416,408,309,812,238
413,297,296,808,228
426,201,301,805,229
442,81,301,805,226
456,0,309,803,217
488,0,304,800,208
510,103,307,793,200
528,191,308,787,184
540,259,319,778,179
539,306,328,764,169
540,333,331,750,158
538,333,323,732,144
537,315,322,716,123
539,291,310,705,98
540,274,302,700,79
543,238,283,695,76
529,210,260,697,41
526,182,264,698,1
530,155,266,696,0
543,180,273,692,0
571,195,295,698,0
589,197,310,703,0
603,208,316,703,0
607,203,318,705,0
608,195,315,707,0
606,189,296,709,0
605,189,296,708,0
611,196,306,704,0
615,204,324,705,0
621,227,343,707,0
626,240,357,713,0
631,256,359,717,0
639,254,360,714,0
644,262,356,712,0
651,268,349,711,0
657,273,333,709,0
670,255,320,710,0
683,251,300,708,0
690,239,299,707,0
695,237,312,704,0
698,234,321,701,0
697,230,336,703,0
694,239,349,705,0
689,247,355,708,20
686,251,359,708,31
687,252,361,707,61
693,256,354,706,88
700,256,356,706,114
706,260,362,706,146
709,269,366,708,173
711,271,368,709,188
711,282,375,711,196
708,290,380,713,196
703,310,389,715,174
702,329,400,716,157
705,343,407,715,155
708,348,405,713,172
711,340,399,712,200
712,332,389,710,216
713,318,383,708,226
711,320,390,707,227
708,324,402,709,225
702,335,406,709,222
699,345,418,708,209
698,386,426,708,190
698,409,430,707,159
698,440,437,706,148
699,452,436,705,150
699,503,440,704,153
696,524,444,705,160
692,515,447,704,158
687,462,444,702,159
679,364,432,695,152
661,247,402,688,118
630,176,359,691,90
597,27,360,693,70
587,0,360,688,63
580,0,357,687,57
579,0,358,686,53
570,25,292,691,42
567,95,298,696,0
559,159,306,706,0
554,185,316,727,0
556,243,349,745,0
565,285,383,759,0
570,309,430,773,32
564,322,441,785,100
552,329,441,792,129
543,317,450,798,157
533,310,449,804,171
522,299,445,804,196
514,293,457,805,218
502,293,445,805,231
491,291,439,806,243
484,288,432,806,252
461,288,436,807,256
443,292,432,807,269
425,297,437,808,268
414,287,434,810,273
414,285,433,812,280
425,292,429,813,282
430,305,435,815,282
438,316,436,816,281
450,321,439,816,283
454,323,433,816,280
454,310,428,816,281
455,299,420,817,280
454,294,405,817,282
456,300,401,817,286
460,303,406,818,288
468,313,415,819,288
475,322,422,819,286
477,329,424,818,284
478,333,425,818,285
479,335,424,817,283
475,340,425,818,285
472,341,426,818,281
471,341,426,816,278
455,344,427,817,273
433,330,411,816,271
406,323,394,815,264
383,320,388,815,244
374,326,428,814,235
366,326,426,814,211
368,328,426,813,197
377,324,415,813,195
388,326,410,812,195
403,320,406,813,193
409,321,403,813,195
418,320,406,814,213
421,324,404,814,224
423,336,410,814,227
423,372,420,814,223
423,387,433,814,208
427,409,438,813,213
436,464,446,813,238
443,527,452,814,247
453,560,453,815,250
458,570,450,815,251
456,545,439,814,256
443,486,419,813,260
430,406,390,812,258
421,340,334,811,250
424,257,334,809,240
437,164,326,807,232
465,120,324,806,227
499,102,319,801,218
523,110,310,796,207
536,163,298,792,187
547,202,286,782,158
554,234,281,768,143
556,250,289,754,114
568,251,302,740,86
560,240,300,730,82
554,227,283,724,86
540,204,268,727,89
531,166,272,732,89
522,161,287,735,111
516,148,297,742,117
534,140,303,745,115
549,136,316,749,117
569,148,323,752,123
581,168,325,754,122
583,171,328,756,94
580,194,333,758,86
588,210,333,759,78
602,213,331,759,78
617,217,330,758,83
624,198,329,758,87
624,185,333,756,87
619,182,335,756,91
614,171,334,755,92
618,177,339,753,86
629,185,337,752,90
644,202,334,753,109
656,214,329,748,122
664,231,333,746,139
669,243,339,742,170
673,251,341,738,215
672,252,346,733,229
672,260,349,731,244
677,263,353,730,250
681,272,356,731,262
686,293,361,730,271
691,300,361,729,278
695,307,362,728,318
696,311,365,726,327
696,309,372,723,333
694,307,379,720,345
695,315,386,720,342
696,319,391,717,321
696,328,400,720,323
692,333,405,723,342
683,332,414,725,344
675,341,418,724,348
667,346,420,722,342
656,354,419,720,322
652,363,419,719,319
649,372,421,718,320
643,373,421,718,318
636,376,419,719,315
637,375,418,720,309
634,369,416,720,311
620,341,398,719,304
606,310,378,716,302
592,302,375,713,296
588,285,375,713,292
593,289,379,715,274
597,294,384,718,250
605,299,387,720,235
611,299,391,723,237
614,306,395,725,239
616,308,398,728,245
616,315,404,730,231
619,320,406,730,225
618,320,408,729,219
615,319,410,730,212
613,314,408,731,205
618,305,400,733,206
621,303,402,732,209
623,301,405,734,211
623,306,409,735,213
624,316,422,735,213
628,327,430,735,216
633,355,437,736,210
639,403,445,739,211
645,415,448,742,208
654,452,453,742,210
665,488,456,742,218
668,523,460,744,228
668,536,464,744,233
662,498,467,743,242
658,417,464,741,238
651,331,448,741,224
643,220,405,741,216
637,90,405,742,209
633,0,413,742,211
634,0,424,744,208
635,0,437,745,211
637,0,447,746,212
639,0,451,746,210
638,0,452,746,207
635,74,453,746,202
632,132,452,746,189
627,179,453,746,183
620,194,457,744,178
613,206,461,743,174
605,208,462,742,169
600,211,463,741,163
595,220,464,739,160
594,224,464,738,159
594,239,465,738,162
596,243,468,738,166
598,246,467,738,174
602,250,466,739,176
608,253,465,740,178
613,256,467,740,180
616,260,469,740,186
619,263,468,740,189
620,263,467,740,191
619,267,463,740,196
620,271,462,739,198
620,270,462,739,203
620,274,463,740,206
622,274,461,740,211
623,273,457,741,212
626,272,456,741,214
628,275,457,742,217
628,277,456,743,220
630,276,457,743,225
631,278,457,744,223
633,280,458,744,230
634,280,458,744,233
633,280,456,744,236
633,278,449,744,235
634,276,447,743,241
633,277,447,744,240
631,275,450,744,240
629,273,452,744,238
628,272,453,744,238
630,275,455,744,238
631,277,460,744,240
631,279,462,745,237
631,282,463,745,236
632,290,466,745,237
632,292,467,745,240
633,291,465,744,240
631,291,465,743,237
626,291,465,743,231
623,292,466,742,225
622,290,465,741,223
622,291,466,742,223
623,291,466,742,223
625,291,467,743,221
627,289,467,742,220
627,290,467,743,219
627,290,469,743,217
629,288,471,743,215
631,289,471,743,214
632,290,474,743,219
