F1,F2,F3,F4,F5
250,103,394,573,0
254,102,393,570,0
256,101,393,570,0
258,104,392,572,0
258,115,393,574,0
258,123,391,575,0
257,128,393,575,0
259,129,393,574,0
265,129,393,571,0
265,138,395,572,0
263,156,394,574,0
261,163,395,576,0
254,175,397,578,0
256,203,396,580,0
250,220,397,580,0
255,245,396,580,0
254,258,399,581,0
255,272,400,579,0
262,281,399,578,0
267,283,397,578,0
264,280,399,578,0
256,278,401,579,0
264,297,402,579,0
278,351,404,582,0
266,392,404,585,0
264,445,394,586,0
258,476,373,589,0
260,500,364,594,0
257,519,352,596,0
248,506,347,598,0
231,453,346,597,0
192,361,342,589,0
177,261,341,585,0
173,210,334,586,0
206,170,359,584,0
258,138,378,584,0
339,138,387,585,0
384,168,395,593,0
430,216,409,602,0
465,260,412,605,0
488,290,409,608,0
509,306,395,615,0
523,303,391,614,0
529,285,395,615,0
526,257,400,613,0
526,221,399,620,0
533,210,401,627,0
545,213,406,639,0
553,216,399,645,0
555,223,375,651,0
563,231,352,658,0
564,238,332,661,0
568,244,329,658,0
571,250,324,658,0
576,260,332,655,0
584,267,331,653,0
590,275,332,648,0
593,270,336,650,0
592,258,342,648,0
588,253,351,648,0
585,247,355,647,0
594,249,363,653,0
612,250,361,661,0
628,240,364,668,0
635,242,371,673,0
644,241,373,677,0
646,244,382,678,0
651,243,383,680,0
652,235,384,679,0
651,235,390,677,0
646,241,394,674,0
646,243,394,673,0
650,245,399,676,0
657,248,401,678,0
665,249,406,682,0
665,240,393,687,0
668,202,395,690,0
664,185,396,692,0
665,177,393,694,0
673,186,394,696,0
675,189,396,697,0
679,191,395,699,0
681,192,387,698,0
682,192,390,697,0
683,191,393,697,0
684,190,397,697,0
683,186,401,696,0
681,172,405,692,0
680,167,404,690,0
679,167,406,688,0
679,167,410,686,0
676,181,412,683,0
673,195,411,682,0
674,216,412,684,0
673,228,412,685,0
674,218,412,687,0
673,198,412,688,0
671,188,415,690,0
669,183,418,690,0
663,176,418,690,0
657,185,420,689,0
651,241,423,689,0
644,283,424,689,0
635,360,428,690,0
626,401,429,690,0
614,410,416,689,0
597,377,406,686,0
582,326,394,685,0
554,241,388,685,0
520,150,390,682,0
484,57,388,681,0
448,0,389,680,0
410,0,389,683,0
364,0,390,689,0
348,46,370,694,0
315,103,375,693,0
315,203,371,695,0
341,247,359,688,0
349,264,353,684,0
364,268,361,676,0
385,265,362,670,0
397,253,363,659,0
418,247,360,653,0
431,255,361,651,0
438,267,350,646,0
456,276,345,643,0
479,282,347,640,0
484,285,346,642,0
488,287,347,641,0
489,290,346,638,0
490,305,344,637,0
491,311,344,635,0
492,319,342,633,0
492,333,341,633,0
493,337,343,630,0
496,341,340,630,0
500,346,338,635,0
506,348,329,639,0
508,331,321,643,0
505,310,334,645,0
506,313,328,642,0
508,325,330,639,0
506,340,335,632,0
508,348,336,627,0
511,356,332,632,0
512,361,335,638,0
517,360,326,640,0
513,348,319,641,0
515,345,317,636,0
516,350,316,631,0
513,357,316,630,0
509,366,318,628,0
502,370,320,626,0
508,376,323,624,0
512,383,325,623,0
515,393,326,623,0
521,402,328,624,0
524,412,329,625,0
525,419,330,630,0
526,422,332,632,0
526,423,333,631,0
525,425,333,629,0
526,430,332,626,0
528,455,339,626,0
528,496,344,627,0
524,540,343,634,0
525,582,329,638,0
524,595,292,643,0
517,576,249,639,0
494,509,227,629,0
465,400,239,618,0
448,293,273,609,0
452,181,290,607,0
451,49,298,607,0
452,0,305,603,0
457,23,315,597,0
462,95,318,595,0
471,175,321,593,0
475,241,316,589,0
477,276,313,592,0
479,289,312,595,0
480,295,310,597,0
481,276,306,600,0
481,251,305,601,0
481,197,296,601,0
489,178,282,595,0
499,147,279,579,0
518,157,269,558,0
543,176,255,563,0
568,188,260,565,0
572,182,267,577,0
562,159,288,592,0
536,149,269,608,0
535,137,277,621,0
557,127,273,627,0
559,114,264,631,0
572,125,255,637,0
576,122,249,643,0
581,99,233,644,0
582,72,236,651,0
579,86,239,655,0
577,68,246,658,0
578,67,264,661,0
579,65,268,664,0
573,45,272,662,0
575,47,278,661,0
581,49,289,664,0
593,58,301,668,0
605,65,311,673,0
614,66,315,678,0
624,62,313,681,0
627,29,307,682,0
626,0,311,684,0
622,0,316,686,0
617,19,322,688,0
614,31,324,689,0
623,44,325,688,0
632,61,321,685,0
641,75,317,686,0
645,68,313,686,0
651,61,310,686,0
655,47,305,683,0
654,43,306,678,0
649,23,299,676,0
647,0,301,679,0
646,0,307,684,0
650,0,311,689,0
653,27,319,691,0
654,38,322,692,0
656,41,319,693,0
659,42,318,695,0
661,45,321,696,0
665,53,326,698,0
665,66,334,701,0
667,65,336,701,0
665,60,328,700,0
665,45,323,699,0
664,27,317,696,0
663,0,319,697,0
658,10,329,698,0
650,42,336,701,0
640,88,339,702,0
639,123,344,704,0
646,186,360,706,0
652,225,360,707,0
656,268,358,707,0
659,295,354,707,0
662,298,356,707,0
658,260,345,706,0
639,190,333,706,0
610,62,317,708,0
556,0,312,708,0
510,0,316,706,0
469,0,311,694,0
424,0,308,681,0
389,0,309,675,0
390,0,287,668,0
348,0,315,661,0
325,0,310,657,0
317,0,319,656,0
331,0,326,651,0
346,0,331,640,0
353,0,319,637,0
363,0,303,635,0
386,0,305,632,0
410,0,301,634,0
432,0,291,636,0
448,0,278,639,0
466,0,283,642,0
484,0,285,644,0
491,0,297,643,0
496,0,303,644,0
500,0,308,644,0
504,0,309,643,0
503,0,308,643,0
505,0,315,636,0
512,31,316,628,0
516,59,316,625,0
528,77,316,627,0
535,98,328,628,0
533,111,332,632,0
530,85,325,644,0
517,73,322,654,0
514,67,299,659,0
513,62,292,649,0
505,58,289,634,0
497,65,287,619,0
508,71,284,607,0
518,86,285,590,0
512,98,282,578,0
512,105,287,571,0
504,107,272,570,0
492,103,272,570,0
480,105,275,570,0
478,112,288,575,0
481,121,302,579,0
487,130,305,584,0
488,165,312,583,0
489,178,312,582,0
486,182,304,575,0
477,176,300,569,0
477,175,298,567,0
477,178,306,576,0
472,188,310,578,0
468,210,313,580,0
468,254,322,584,0
473,335,324,598,0
474,407,320,608,0
483,441,318,614,0
489,453,289,614,0
482,427,255,612,0
453,345,221,605,0
432,206,218,586,0
428,118,234,579,0
441,41,247,574,0
480,0,247,571,0
521,0,247,581,0
537,50,251,590,0
549,111,236,599,0
529,163,239,620,0
524,171,239,628,0
539,193,252,640,0
557,180,270,646,0
570,161,273,642,0
577,150,292,647,0
575,146,303,655,0
588,138,317,663,0
598,146,325,669,0
606,155,322,675,0
616,163,323,679,0
624,165,323,684,0
628,158,325,684,0
626,137,335,686,0
623,121,345,688,0
624,125,352,688,0
624,123,348,687,0
624,131,340,688,0
625,136,332,689,0
623,122,332,691,0
622,105,332,693,0
621,84,326,695,0
620,75,318,695,0
615,60,318,696,0
611,41,314,697,0
613,52,320,695,0
622,67,324,696,0
632,78,312,702,0
653,73,299,702,0
658,52,303,706,0
660,41,305,710,0
663,15,316,712,0
660,1,312,716,0
647,22,320,717,0
644,34,320,716,0
643,61,317,712,0
648,80,312,708,0
655,104,310,705,0
660,124,311,708,0
661,134,312,710,0
658,147,318,712,0
653,168,323,713,0
649,230,338,717,0
632,295,338,720,0
614,332,335,722,0
608,339,309,721,0
611,294,301,720,0
616,228,284,711,0
605,109,262,704,0
578,0,247,698,0
559,0,260,694,0
543,0,268,693,0
531,0,272,689,0
526,0,275,681,0
503,0,263,669,0
486,0,246,661,0
474,0,239,650,0
419,0,236,641,0
410,0,236,638,0
413,0,237,643,0
419,0,233,646,0
424,0,229,649,0
436,0,198,650,0
448,0,198,650,0
462,0,200,648,0
471,0,203,647,0
481,0,219,645,0
490,0,224,641,0
499,0,231,633,0
505,0,233,630,0
511,26,230,623,0
520,41,229,618,0
527,48,230,614,0
529,55,231,612,0
528,60,239,614,0
529,62,230,614,0
527,68,235,615,0
524,66,237,615,0
520,68,242,617,0
515,69,238,620,0
505,72,228,625,0
502,72,222,625,0
492,73,213,621,0
492,76,197,617,0
490,73,194,616,0
484,71,197,612,0
486,69,198,607,0
487,75,194,604,0
496,87,193,609,0
500,101,187,614,0
502,125,183,623,0
505,133,180,630,0
503,149,183,633,0
492,160,184,633,0
485,169,190,632,0
489,215,205,630,0
495,291,230,632,0
495,361,251,636,0
496,397,253,630,0
492,425,241,627,0
489,415,227,623,0
483,359,199,617,0
464,247,194,611,0
441,105,186,603,0
446,27,204,603,0
457,0,211,603,0
477,0,221,607,0
503,0,223,609,0
514,0,219,620,0
518,63,227,641,0
485,101,226,651,0
472,106,210,650,0
473,66,214,634,0
463,59,248,624,0
485,44,269,626,0
490,0,269,629,0
512,0,268,641,0
528,0,264,655,0
540,26,272,673,0
550,38,293,678,0
561,45,300,681,0
565,42,309,683,0
568,37,307,682,0
560,15,314,680,0
545,4,314,677,0
536,6,317,676,0
533,27,318,674,0
539,49,313,674,0
541,57,302,673,0
539,52,285,675,0
533,53,281,676,0
531,54,288,677,0
542,74,300,681,0
562,85,304,683,0
571,67,276,686,0
586,44,260,691,0
597,36,270,692,0
609,39,276,696,0
621,38,272,695,0
634,42,277,696,0
636,62,278,699,0
638,64,274,703,0
639,64,272,707,0
642,64,270,711,0
644,54,280,713,0
642,45,288,715,0
642,28,293,718,0
645,15,295,718,0
648,28,295,723,0
653,45,293,728,0
650,51,289,731,0
650,56,302,734,0
648,54,313,736,0
641,55,317,734,0
628,55,315,731,0
626,46,296,726,0
630,38,301,725,0
634,29,305,725,0
638,43,319,727,0
643,92,323,729,0
644,167,330,730,0
647,272,326,731,0
642,326,307,731,0
639,368,250,727,0
637,371,206,722,0
637,309,193,715,0
627,242,200,708,0
611,144,209,707,0
595,75,238,707,0
567,0,240,707,0
545,0,252,705,0
529,0,248,699,0
514,0,251,696,0
513,0,251,685,0
518,43,238,674,0
503,101,214,660,0
500,117,207,637,0
478,86,200,611,0
445,63,211,599,0
440,0,186,583,0
438,0,186,574,0
455,0,159,570,0
481,0,165,585,0
495,0,171,592,0
497,0,172,603,0
499,0,181,610,0
497,0,183,613,0
495,3,191,617,0
495,1,210,623,0
486,24,226,624,0
490,46,245,627,0
499,56,253,627,0
512,68,250,622,0
529,74,248,618,0
531,89,252,613,0
529,92,252,614,0
514,91,250,617,0
498,88,257,620,0
469,74,268,620,0
456,71,270,616,0
456,70,268,613,0
460,63,267,622,0
465,51,273,640,0
475,48,274,651,0
489,51,273,643,0
481,65,266,639,0
477,93,253,632,0
456,107,245,626,0
442,110,230,618,0
427,104,227,603,0
426,103,203,593,0
430,104,207,592,0
427,105,214,597,0
431,105,222,604,0
436,105,230,605,0
440,105,239,601,0
446,105,230,595,0
451,107,228,589,0
452,109,208,585,0
457,118,221,588,0
458,133,225,593,0
464,171,230,597,0
468,187,236,597,0
469,210,233,598,0
465,251,236,594,0
464,296,243,595,0
465,333,256,594,0
464,370,261,595,0
462,405,273,592,0
460,418,278,589,0
458,434,273,590,0
452,428,262,593,0
430,386,241,595,0
412,273,231,591,0
392,114,197,584,0
382,0,228,582,0
390,0,244,581,0
417,0,246,578,0
463,0,267,573,0
477,0,279,595,0
492,0,290,601,0
466,0,323,596,0
430,0,354,599,0
425,40,380,610,0
428,96,370,597,0
445,76,372,610,0
443,63,374,615,0
456,0,386,622,0
468,0,387,628,0
472,0,389,637,0
485,0,390,646,0
500,0,396,652,0
516,0,390,656,0
532,0,384,661,0
535,0,380,662,0
535,0,386,662,0
535,0,375,661,0
531,0,360,658,0
533,0,355,660,0
534,0,358,661,0
529,0,356,665,0
521,0,355,666,0
520,0,361,669,0
523,0,362,668,0
538,0,356,669,0
557,0,345,667,0
572,0,337,670,0
578,14,341,672,0
583,45,344,675,0
583,55,347,674,0
585,68,352,675,0
596,77,359,677,0
607,78,359,679,0
609,71,339,683,0
609,69,336,684,0
608,71,345,686,0
605,81,354,688,0
601,103,362,689,0
599,149,366,689,0
597,180,365,688,0
593,222,356,686,0
591,308,346,684,0
593,343,344,685,0
596,389,318,688,0
597,383,294,688,0
595,311,260,684,0
586,233,244,677,0
567,96,252,669,0
552,0,249,665,0
542,0,245,648,0
529,0,233,641,0
532,0,229,635,0
549,0,228,629,0
563,0,221,627,0
578,0,223,623,0
592,37,230,628,0
595,82,232,630,0
589,72,240,634,0
571,54,250,640,0
540,49,259,640,0
502,23,262,642,0
493,0,272,647,0
505,0,273,648,0
519,0,271,644,0
531,4,261,638,0
545,39,260,635,0
556,49,257,632,0
567,56,262,630,0
573,72,266,635,0
579,83,271,639,0
582,86,275,645,0
588,104,278,649,0
589,122,282,649,0
591,136,297,648,0
589,145,286,648,0
583,144,280,645,0
575,143,281,649,0
569,129,282,650,0
565,126,290,649,0
566,122,298,647,0
565,105,300,644,0
564,89,301,641,0
558,89,296,637,0
544,76,280,633,0
528,75,276,631,0
517,85,274,625,0
514,100,280,630,0
509,108,279,633,0
497,121,279,632,0
494,125,276,631,0
490,131,276,632,0
490,136,265,637,0
491,139,260,634,0
487,150,251,632,0
488,159,255,628,0
490,163,260,623,0
490,188,273,624,0
499,242,286,627,0
515,320,290,632,0
517,386,279,638,0
521,438,276,640,0
517,465,267,640,0
503,466,252,634,0
484,404,254,636,0
464,285,257,634,0
434,146,265,633,0
434,45,271,634,0
449,0,289,637,0
481,0,306,648,0
501,41,321,664,0
504,96,316,685,0
505,115,370,697,0
492,157,391,702,0
503,167,423,696,0
501,174,420,687,0
514,170,404,671,0
515,173,422,658,0
512,106,422,659,0
509,75,410,656,0
525,100,402,662,0
535,113,405,668,0
546,102,394,673,0
551,81,385,677,0
556,77,358,678,0
552,64,345,675,0
541,61,336,672,0
543,65,336,673,0
551,74,346,676,0
551,75,350,679,0
543,65,350,681,0
535,61,342,682,0
521,55,341,682,0
514,50,344,684,0
501,51,351,686,0
493,53,353,687,0
487,51,354,683,0
486,37,350,679,0
500,49,353,675,0
520,76,361,670,0
531,89,358,670,0
531,94,347,669,0
527,96,339,668,0
521,105,340,664,0
514,106,342,663,0
513,119,345,666,0
519,151,344,665,0
521,202,338,665,0
522,292,330,666,0
527,353,312,668,0
538,387,310,670,0
542,381,310,666,0
540,320,299,663,0
526,221,292,656,0
508,94,294,648,0
502,0,283,638,0
511,0,271,631,0
527,0,270,618,0
561,0,268,621,0
591,0,269,621,0
616,0,276,615,0
623,0,267,605,0
628,0,266,597,0
628,40,267,598,0
620,64,276,612,0
605,72,262,621,0
579,67,256,630,0
556,42,278,637,0
545,30,279,642,0
541,52,279,646,0
541,64,266,646,0
547,79,256,648,0
552,103,267,645,0
558,115,269,651,0
559,125,272,652,0
560,127,278,651,0
560,130,281,652,0
561,124,282,653,0
563,130,281,650,0
567,143,279,650,0
572,146,281,648,0
578,146,296,648,0
582,145,301,645,0
585,126,298,646,0
588,102,286,645,0
588,72,287,637,0
583,63,285,631,0
583,68,282,632,0
583,68,280,633,0
579,79,286,636,0
572,104,289,642,0
562,135,292,645,0
551,156,291,647,0
536,158,296,643,0
522,194,301,634,0
504,227,305,626,0
506,308,310,623,0
507,366,314,624,0
509,401,302,632,0
495,388,268,631,0
478,319,261,621,0
454,190,269,621,0
432,25,285,621,0
408,0,290,625,0
374,0,314,633,0
353,0,321,642,0
325,0,323,646,0
323,0,325,659,0
330,0,330,665,0
348,79,337,669,0
371,144,347,665,0
390,186,370,667,0
410,202,409,668,0
414,186,432,668,0
416,171,446,663,0
427,149,441,657,0
424,137,443,653,0
416,115,427,653,0
408,96,422,654,0
409,97,414,653,0
410,103,411,653,0
401,104,413,653,0
391,85,406,652,0
399,86,412,652,0
413,96,416,651,0
422,112,418,651,0
420,119,419,652,0
409,128,422,652,0
393,127,420,652,0
384,120,408,646,0
388,126,407,643,0
393,135,412,641,0
412,142,420,638,0
435,153,428,639,0
448,155,426,642,0
456,147,425,646,0
460,134,420,648,0
449,116,417,651,0
445,97,415,652,0
451,102,420,654,0
460,119,424,655,0
467,131,426,652,0
475,133,424,651,0
491,126,424,652,0
491,121,423,656,0
492,114,422,660,0
492,118,424,662,0
489,120,429,666,0
493,136,430,665,0
501,146,431,661,0
517,149,425,658,0
527,152,416,660,0
531,151,403,664,0
529,127,392,665,0
526,119,390,667,0
526,110,384,667,0
530,111,384,664,0
536,137,388,664,0
539,173,391,661,0
545,217,397,660,0
550,299,387,665,0
552,343,388,670,0
548,367,366,671,0
541,367,348,671,0
542,315,340,671,0
540,260,347,663,0
527,161,339,647,0
519,92,334,632,0
533,0,324,621,0
561,0,320,616,0
600,0,314,612,0
637,0,319,608,0
660,0,304,599,0
657,0,291,573,0
645,0,293,567,0
635,0,309,570,0
619,0,305,575,0
596,0,303,580,0
588,0,303,587,0
594,0,307,595,0
606,0,311,604,0
611,0,316,608,0
619,0,321,613,0
627,0,325,616,0
629,0,318,615,0
630,0,325,613,0
631,0,325,613,0
633,0,327,615,0
629,0,328,615,0
627,0,334,614,0
625,0,334,611,0
629,0,330,613,0
632,0,332,616,0
635,0,334,615,0
637,0,334,618,0
637,0,329,618,0
636,0,329,622,0
626,0,326,624,0
607,0,321,626,0
590,0,308,627,0
580,0,310,619,0
596,0,305,620,0
620,0,304,624,0
638,0,296,627,0
652,0,292,631,0
663,0,289,632,0
666,0,275,629,0
667,0,270,625,0
668,0,275,624,0
675,0,283,624,0
682,0,293,629,0
686,0,305,632,0
689,0,315,636,0
693,0,318,639,0
694,0,328,641,0
693,0,331,643,0
692,3,330,644,0
689,21,333,645,0
689,24,334,649,0
688,0,334,648,0
685,0,334,650,0
680,0,337,652,0
682,0,339,655,0
686,0,339,659,0
687,20,343,664,0
688,40,346,669,0
685,54,348,669,0
685,64,348,668,0
683,73,347,666,0
680,94,343,667,0
681,104,342,669,0
678,137,345,674,0
681,129,348,680,0
682,118,346,683,0
683,94,346,682,0
679,84,347,679,0
674,120,344,677,0
668,167,348,678,0
662,241,346,681,0
655,286,346,683,0
641,305,318,681,0
627,273,298,678,0
615,197,272,674,0
602,98,278,670,0
578,0,288,670,0
547,0,298,671,0
520,0,305,672,0
495,0,309,677,0
473,0,306,681,0
457,0,321,688,0
439,0,349,694,0
442,0,374,693,0
448,0,379,678,0
463,13,428,668,0
480,59,451,662,0
489,87,459,666,0
489,104,461,661,0
479,99,466,651,0
470,85,466,647,0
469,84,463,641,0
476,85,460,642,0
478,88,456,641,0
476,88,448,641,0
480,88,446,639,0
481,86,447,636,0
482,87,450,636,0
486,92,448,627,0
483,95,444,628,0
486,97,443,626,0
487,99,441,626,0
493,100,443,623,0
492,106,444,620,0
492,123,446,616,0
494,129,447,614,0
494,130,437,614,0
496,132,438,616,0
501,134,432,616,0
499,137,423,617,0
498,136,419,618,0
501,134,417,618,0
504,132,407,619,0
506,140,398,618,0
508,145,398,618,0
518,165,405,620,0
537,181,414,622,0
555,225,422,625,0
572,261,424,629,0
580,284,429,636,0
579,298,432,636,0
571,317,435,633,0
557,321,435,630,0
535,290,424,626,0
526,244,409,619,0
514,220,391,604,0
514,174,357,591,0
514,121,352,579,0
513,69,355,573,0
515,41,356,572,0
510,0,348,568,0
501,0,338,565,0
498,0,332,562,0
505,0,316,555,0
516,0,318,552,0
543,0,326,559,0
561,0,328,563,0
559,0,332,556,0
552,0,325,537,0
559,0,336,530,0
569,0,335,522,0
580,0,342,519,0
602,0,336,528,0
614,0,338,538,0
619,0,329,562,0
622,0,317,574,0
627,0,322,580,0
634,0,332,579,0
639,0,336,575,0
637,0,346,575,0
635,0,352,576,0
633,0,355,575,0
637,0,355,576,0
641,0,360,575,0
638,0,360,576,0
638,0,363,575,0
639,0,364,576,0
639,0,367,580,0
637,0,371,584,0
635,0,371,584,0
631,0,367,582,0
636,0,362,582,0
643,0,362,579,0
649,0,372,575,0
648,0,372,571,0
646,0,372,567,0
648,0,376,564,0
648,0,376,555,0
645,0,379,554,0
654,0,381,559,0
657,0,385,562,0
657,0,384,561,0
658,0,383,561,0
656,0,387,562,0
657,0,390,570,0
661,0,393,583,0
657,0,396,591,0
654,0,399,599,0
649,0,400,602,0
643,0,402,603,0
637,0,404,605,0
627,0,402,603,0
625,0,403,602,0
622,0,403,603,0
618,0,407,606,0
615,0,408,610,0
615,0,408,613,0
615,0,410,613,0
614,0,407,614,0
603,0,405,617,0
586,0,404,620,0
565,0,397,625,0
539,0,390,627,0
514,0,379,622,0
476,0,372,616,0
447,0,365,608,0
445,0,366,600,0
452,0,364,598,0
458,0,363,595,0
461,0,360,593,0
458,0,365,592,0
459,0,367,593,0
464,0,370,593,0
468,38,370,590,0
467,56,377,587,0
462,120,379,584,0
460,187,384,581,0
467,230,386,578,0
464,245,375,569,0
453,236,325,558,0
434,180,313,555,0
409,58,295,554,0
378,0,296,552,0
346,0,307,558,0
303,0,324,564,0
302,0,354,570,0
304,0,362,574,0
327,0,368,574,0
354,0,374,572,0
378,0,372,573,0
394,0,365,571,0
406,0,359,570,0
422,0,351,569,0
442,0,347,570,0
452,0,350,574,0
453,0,354,579,0
460,0,359,586,0
473,0,364,590,0
480,0,368,596,0
492,0,373,601,0
508,0,379,604,0
526,0,378,608,0
540,0,383,610,0
545,0,385,609,0
551,0,386,609,0
549,0,385,609,0
549,0,385,610,0
541,0,385,617,0
537,0,384,621,0
535,0,379,624,0
540,0,376,628,0
544,0,375,627,0
547,0,370,622,0
548,0,371,621,0
547,0,372,624,0
546,0,376,628,0
546,0,380,630,0
549,0,382,633,0
552,0,383,635,0
557,0,383,640,0
559,0,381,643,0
564,0,377,645,0
564,0,380,647,0
559,0,377,645,0
554,0,372,644,0
553,0,373,642,0
556,0,374,642,0
560,0,376,642,0
563,0,378,643,0
565,0,380,644,0
565,0,380,645,0
564,0,377,647,0
564,0,376,648,0
566,0,378,648,0
568,0,380,647,0
568,0,381,645,0
569,0,381,643,0
569,0,381,642,0
565,0,382,642,0
563,0,384,645,0
563,0,385,646,0
564,0,386,647,0
565,0,387,649,0
569,0,387,650,0
572,0,387,651,0
577,0,384,651,0
580,0,381,651,0
581,0,383,652,0
582,0,384,653,0
583,0,387,655,0
584,0,388,656,0
587,0,388,656,0
589,0,387,655,0
591,0,386,655,0
591,0,386,656,0
591,0,390,657,0
591,0,390,658,0
592,0,390,657,0
593,0,391,656,0
592,0,391,655,0
592,0,391,653,0
592,0,391,653,0
590,0,391,653,0
586,0,390,652,0
583,0,390,651,0
576,0,390,650,0
573,0,390,649,0
574,0,387,645,0
577,0,386,644,0
577,0,384,644,0
575,0,384,645,0
570,0,386,646,0
568,0,386,647,0
566,0,385,646,0
568,0,383,644,0
569,0,384,643,0
567,0,386,643,0
563,0,388,643,0
563,0,388,644,0
559,0,387,644,0
556,0,386,644,0
556,0,386,645,0
555,0,385,645,0
557,0,383,644,0
561,0,383,645,0
562,0,384,645,0
561,0,384,644,0
564,0,384,642,0
567,0,384,642,0
569,0,385,644,0
572,0,387,646,0
578,0,388,646,0
582,0,385,642,0
585,0,384,643,0
585,0,384,644,0
585,0,385,644,0
584,0,387,643,0
583,0,387,645,0
583,0,387,646,0
584,0,389,645,0
586,0,390,645,0
587,0,390,645,0
588,0,390,646,0
588,0,390,646,0
586,0,389,647,0
583,0,388,648,0
578,0,386,648,0
574,0,386,649,0
574,0,388,649,0
571,0,388,649,0
568,0,389,649,0
564,0,389,649,0
561,0,391,649,0
559,0,391,649,0
558,0,391,649,0
561,0,391,646,0
561,0,391,643,0
562,0,391,638,0
559,0,391,636,0
553,0,393,638,0
548,0,393,639,0
547,0,394,639,0
546,0,395,638,0
547,0,395,634,0
545,0,396,631,0
538,0,396,628,0
531,0,395,626,0
522,0,395,625,0
521,0,393,626,0
525,0,393,627,0
528,0,393,631,0
531,0,393,632,0
533,0,390,631,0
536,0,387,631,0
538,0,388,631,0
541,0,388,630,0
543,0,389,629,0
544,0,387,630,0
548,0,388,630,0
554,0,386,630,0
554,0,387,630,0
555,0,385,631,0
556,0,386,631,0
559,0,386,631,0
560,0,385,629,0
562,0,384,627,0
562,0,386,625,0
560,0,388,625,0
559,0,390,623,0
559,0,391,621,0
562,0,391,617,0
565,0,391,613,0
567,0,392,611,0
565,0,393,613,0
562,0,394,616,0
556,0,394,617,0
551,0,394,617,0
550,0,395,615,0
551,0,394,613,0
554,0,395,609,0
556,0,395,607,0
559,0,395,607,0
559,0,396,608,0
558,0,397,609,0
558,0,398,611,0
558,0,398,609,0
560,0,396,606,0
561,0,394,605,0
561,0,392,606,0
559,0,394,608,0
549,0,395,610,0
544,0,396,612,0
544,0,396,613,0
547,0,396,612,0
550,0,394,612,0
549,0,394,610,0
544,0,394,611,0
539,0,394,610,0
536,0,394,611,0
539,0,393,615,0
539,0,392,615,0
541,0,390,615,0
543,0,391,614,0
544,0,391,614,0
543,0,393,615,0
541,0,394,618,0
541,0,395,619,0
542,0,396,619,0
547,0,398,619,0
552,0,397,617,0
560,0,397,614,0
562,0,394,613,0
562,0,392,613,0
558,0,393,613,0
554,0,395,614,0
547,0,396,614,0
544,0,395,614,0
537,0,394,611,0
534,0,394,613,0
529,0,394,613,0
531,0,395,606,0
534,0,395,600,0
531,0,394,597,0
525,0,393,596,0
524,0,392,595,0
526,0,393,593,0
530,0,393,591,0
534,0,393,591,0
536,0,394,592,0
536,0,395,594,0
537,0,395,594,0
538,0,394,593,0
535,0,395,593,0
533,0,395,595,0
532,0,395,595,0
533,0,396,596,0
536,0,395,597,0
539,0,394,598,0
541,0,393,599,0
542,0,391,598,0
543,0,389,598,0
