F1,F2,F3,F4,F5
358,359,417,553,0
362,363,418,556,0
366,367,416,557,0
366,370,416,559,0
368,372,416,560,0
371,374,416,561,0
374,374,417,561,0
375,374,418,562,0
378,376,417,563,0
379,380,418,565,0
377,394,418,566,0
379,402,418,568,0
380,404,419,570,0
385,411,417,571,0
382,423,418,571,0
380,426,420,571,0
387,453,419,572,0
392,492,420,572,0
392,519,419,575,0
397,536,419,575,0
399,550,415,577,0
401,559,413,580,0
398,568,412,581,0
398,577,414,581,0
397,586,415,582,0
393,599,411,583,0
392,606,409,583,0
381,610,403,583,0
369,606,401,584,0
359,603,404,584,0
355,598,405,585,0
345,561,408,584,0
336,506,412,577,0
344,422,416,569,0
362,361,417,563,0
391,324,419,563,0
410,302,422,565,0
422,302,422,566,0
430,308,425,567,0
443,330,429,566,0
456,385,426,564,0
467,415,425,565,0
466,427,427,569,0
475,433,427,575,0
477,421,428,583,0
486,393,432,587,0
503,355,417,590,0
523,338,423,593,0
535,331,416,595,0
545,320,410,598,0
554,318,399,596,0
561,328,384,595,0
566,341,373,591,0
569,358,368,589,0
570,381,370,589,0
573,391,372,590,0
577,392,374,590,0
581,394,380,590,0
584,377,383,588,0
582,361,387,592,0
587,350,389,597,0
591,344,386,601,0
575,339,388,611,0
587,329,394,618,0
597,324,397,626,0
600,316,401,631,0
601,307,400,631,0
594,301,402,632,0
599,309,406,631,0
606,317,402,632,0
609,320,402,633,0
613,322,402,634,0
620,325,399,636,0
625,335,401,639,0
628,342,391,642,0
629,349,387,643,0
635,354,390,644,0
636,351,388,645,0
636,342,386,646,0
631,334,385,640,0
618,329,384,640,0
617,330,373,637,0
625,338,374,633,0
638,348,373,632,0
646,356,374,630,0
651,365,375,628,0
657,377,380,629,0
661,387,383,635,0
664,396,385,638,0
663,399,389,639,0
658,398,392,641,0
650,397,394,640,0
643,393,391,640,0
634,395,387,636,0
632,408,392,632,0
632,417,393,628,0
632,433,394,624,0
630,467,399,621,0
626,498,401,624,0
615,522,403,626,0
608,535,403,627,0
602,530,403,627,0
584,492,402,625,0
559,391,403,619,0
537,238,404,617,0
525,144,406,618,0
528,75,404,616,0
526,6,404,617,0
522,0,401,617,0
503,5,402,620,0
463,23,395,631,0
456,100,401,649,0
465,180,405,668,0
484,228,410,673,0
501,267,401,677,0
493,298,396,678,0
488,310,394,682,0
483,309,403,682,0
487,312,414,684,0
494,314,412,688,0
502,321,410,688,0
507,337,408,691,0
517,356,402,692,0
521,369,396,691,0
526,375,383,691,0
531,381,372,691,0
532,387,365,690,0
536,388,361,690,0
530,390,361,687,0
525,394,363,687,0
522,398,363,686,0
521,415,362,686,0
522,427,362,687,0
513,445,361,684,0
512,463,354,683,0
511,469,351,677,0
512,473,347,671,0
512,472,345,664,0
509,474,346,662,0
505,475,344,659,0
504,469,341,662,0
504,465,331,661,0
497,469,328,659,0
494,474,321,649,0
488,485,321,645,0
493,496,319,646,0
498,506,319,646,0
500,512,320,643,0
500,514,320,641,0
500,514,315,641,0
502,514,312,642,0
501,513,314,639,0
498,510,308,639,0
495,513,307,637,0
497,514,302,636,0
497,516,298,640,0
497,520,301,641,0
499,523,305,642,0
501,527,306,641,0
503,529,308,643,0
503,532,309,644,0
497,533,312,642,0
493,534,313,642,0
494,531,311,641,0
490,530,309,641,0
491,532,307,640,0
491,533,305,642,0
489,535,303,640,0
498,547,307,642,0
508,552,317,641,0
517,579,322,642,0
526,614,325,642,0
526,632,327,643,0
524,649,330,642,0
519,651,323,646,0
510,640,315,650,0
501,558,323,652,0
488,440,334,641,0
483,281,342,634,0
490,175,324,627,0
505,110,313,623,0
520,108,277,613,0
533,110,262,608,0
540,146,253,594,0
546,216,225,587,0
552,286,211,590,0
554,336,172,592,0
557,339,169,600,0
559,333,173,609,0
558,333,180,613,0
558,330,203,617,0
555,335,210,621,0
554,341,198,625,0
558,365,200,629,0
563,410,226,631,0
569,417,260,635,0
578,423,272,638,0
583,423,307,645,0
579,429,326,645,0
576,434,335,643,0
573,437,340,641,0
571,417,333,640,0
568,369,319,640,0
571,332,311,642,0
574,316,315,639,0
576,321,327,638,0
577,331,332,640,0
574,345,338,643,0
578,378,340,644,0
573,407,341,643,0
568,430,342,640,0
562,439,320,640,0
568,442,316,643,0
572,443,325,645,0
581,445,332,647,0
588,446,337,648,0
592,447,342,648,0
593,454,347,651,0
593,457,341,655,0
594,461,333,657,0
595,462,329,656,0
597,463,329,657,0
600,464,335,657,0
600,465,330,655,0
599,459,332,654,0
604,452,338,651,0
608,446,338,650,0
609,434,331,651,0
613,430,335,650,0
618,426,327,648,0
618,423,329,647,0
617,424,331,645,0
614,433,333,645,0
612,443,340,644,0
612,451,344,643,0
614,462,344,643,0
620,467,346,641,0
623,464,344,642,0
628,459,346,644,0
630,451,346,645,0
630,433,340,645,0
628,424,347,645,0
626,414,341,642,0
622,405,338,644,0
621,413,337,644,0
624,422,338,644,0
628,432,343,644,0
631,439,348,644,0
633,444,350,646,0
632,447,353,646,0
630,457,354,650,0
632,466,355,652,0
631,481,356,653,0
629,498,358,650,0
628,511,358,649,0
629,528,360,647,0
631,542,364,649,0
633,571,367,652,0
634,600,370,657,0
627,623,376,661,0
618,635,371,665,0
609,618,355,666,0
594,559,340,666,0
566,406,312,665,0
543,295,307,660,0
535,153,314,657,0
533,13,323,654,0
521,0,343,652,0
517,0,363,652,0
514,0,362,659,0
520,0,368,667,0
522,93,367,673,0
528,202,365,677,0
532,295,355,681,0
531,347,348,680,0
533,347,353,678,0
531,333,357,680,0
533,330,357,680,0
542,328,346,685,0
544,319,324,689,0
547,309,313,691,0
547,315,301,690,0
547,326,286,686,0
548,341,285,683,0
548,360,285,680,0
552,384,284,678,0
553,394,290,677,0
555,408,294,677,0
559,413,293,677,0
560,419,292,676,0
563,423,292,675,0
566,426,292,671,0
565,437,289,668,0
567,464,291,667,0
572,493,293,668,0
574,504,296,671,0
573,507,289,673,0
574,497,284,673,0
574,484,271,671,0
570,475,270,668,0
565,477,268,666,0
559,480,261,664,0
550,484,247,663,0
539,472,243,661,0
530,474,232,655,0
526,479,226,648,0
526,484,231,642,0
524,488,236,632,0
522,500,243,630,0
514,504,241,628,0
512,503,235,630,0
510,503,235,629,0
516,506,241,628,0
518,512,242,631,0
519,514,251,629,0
519,521,254,629,0
517,533,256,628,0
515,550,257,627,0
516,578,259,628,0
517,615,268,628,0
515,631,274,630,0
512,659,274,633,0
502,663,271,632,0
490,643,253,634,0
478,610,248,629,0
460,581,246,623,0
446,540,245,616,0
454,500,253,606,0
456,473,251,603,0
456,473,251,601,0
472,475,254,595,0
478,482,251,604,0
479,486,269,620,0
478,484,288,641,0
479,479,312,662,0
475,470,318,670,0
473,454,343,676,0
465,435,359,681,0
456,418,372,681,0
452,406,378,682,0
456,401,375,687,0
466,405,368,695,0
475,403,361,702,0
464,395,357,708,0
474,396,357,711,0
491,388,361,712,0
496,383,380,714,0
502,371,391,716,0
510,335,392,719,0
518,301,387,721,0
528,272,391,728,0
538,272,393,735,0
547,274,387,740,0
555,281,389,743,0
562,286,393,746,0
572,299,395,749,0
579,296,395,752,0
589,292,392,751,0
590,286,391,750,0
594,288,389,748,0
592,296,388,748,0
590,305,384,750,0
594,314,385,753,0
597,310,393,754,0
603,304,399,753,0
606,296,388,752,0
608,288,394,751,0
612,302,402,752,0
617,309,406,753,0
622,304,409,754,0
625,302,408,754,0
626,310,411,752,0
624,307,411,751,0
621,305,404,750,0
619,305,399,748,0
619,307,394,746,0
620,309,396,744,0
616,311,397,742,0
610,306,396,742,0
616,299,400,742,0
621,312,408,743,0
623,314,403,742,0
623,316,400,742,0
621,318,398,741,0
618,317,397,741,0
614,323,394,738,0
612,323,394,739,0
604,324,395,740,0
609,324,396,740,0
614,324,395,741,0
615,318,390,741,0
617,318,391,742,0
616,316,389,741,0
617,315,389,743,0
617,317,389,744,0
613,317,389,745,0
608,319,384,744,0
604,317,379,744,0
603,317,382,743,0
606,323,384,744,0
606,329,383,746,0
598,330,378,748,0
593,331,372,750,0
593,334,370,751,0
588,333,368,751,0
583,325,372,749,0
580,328,373,748,0
582,341,372,745,0
588,356,372,743,0
592,428,379,745,0
595,483,385,747,0
599,536,393,750,0
599,572,397,750,0
598,580,396,751,0
596,559,390,749,0
591,493,375,747,0
579,399,348,745,0
564,294,326,744,0
542,228,325,739,0
522,189,328,737,0
502,145,336,734,0
481,116,345,729,0
482,148,340,722,0
498,178,335,717,0
521,245,329,717,0
533,296,316,715,0
541,326,312,717,0
560,340,321,722,0
583,350,312,725,0
587,352,297,724,0
588,345,295,723,0
584,339,281,720,0
586,336,264,714,0
585,352,265,710,0
593,386,270,708,0
602,419,288,711,0
607,437,293,712,0
613,445,301,713,0
619,449,301,714,0
622,452,308,714,0
624,454,309,713,0
626,458,313,712,0
626,459,314,713,0
632,464,312,713,0
633,472,311,714,0
635,476,310,715,0
636,484,310,716,0
638,481,312,714,0
635,474,317,714,0
625,466,317,712,0
622,468,312,708,0
620,472,298,704,0
620,473,285,701,0
619,475,276,694,0
624,480,270,690,0
627,487,264,688,0
635,493,259,690,0
639,499,262,691,0
645,500,262,693,0
645,493,261,692,0
644,488,260,693,0
643,492,267,692,0
644,499,277,691,0
646,508,283,691,0
646,513,287,689,0
648,522,290,686,0
649,526,291,678,0
649,531,292,674,0
647,535,294,671,0
645,538,301,671,0
643,558,303,673,0
641,596,304,675,0
636,643,306,679,0
624,677,315,682,0
614,697,308,682,0
602,697,302,683,0
594,656,272,678,0
588,612,237,669,0
582,545,186,652,0
585,459,197,640,0
592,333,208,641,0
601,248,226,645,0
605,231,237,647,0
603,284,239,650,0
599,351,269,658,0
594,405,277,664,0
600,443,288,674,0
591,432,326,677,0
595,395,350,678,0
597,349,359,672,0
586,307,373,673,0
582,288,374,673,0
576,279,370,675,0
559,278,369,678,0
554,293,376,686,0
560,302,380,692,0
570,326,384,694,0
577,329,379,695,0
584,329,376,697,0
585,332,379,698,0
589,337,383,700,0
589,335,389,705,0
589,336,397,711,0
587,332,397,712,0
579,326,399,712,0
579,335,397,713,0
578,349,395,713,0
578,344,395,715,0
580,345,399,717,0
580,342,393,720,0
577,336,396,723,0
573,322,393,723,0
566,295,395,722,0
568,278,394,723,0
578,288,402,724,0
579,310,411,726,0
576,307,413,730,0
566,312,419,734,0
563,313,420,736,0
557,317,425,736,0
551,312,427,737,0
550,305,429,735,0
552,300,425,733,0
559,303,411,733,0
560,305,386,732,0
555,307,375,732,0
548,311,370,732,0
537,316,368,732,0
526,323,374,731,0
523,328,380,730,0
521,330,385,727,0
525,338,386,725,0
526,342,384,726,0
512,338,380,729,0
502,330,378,731,0
492,323,378,733,0
489,319,382,736,0
486,324,384,738,0
487,335,384,737,0
486,342,381,735,0
482,347,379,732,0
482,364,381,730,0
489,404,391,731,0
496,449,404,733,0
500,487,413,737,0
502,505,407,741,0
498,513,387,742,0
486,513,378,744,0
474,511,375,745,0
470,504,371,743,0
469,509,373,740,0
469,525,374,735,0
465,536,372,733,0
455,540,360,731,0
449,537,356,730,0
445,533,360,730,0
438,535,362,729,0
441,551,373,730,0
448,576,383,730,0
457,598,375,728,0
464,610,372,726,0
460,618,362,725,0
452,615,343,726,0
419,568,322,729,0
396,462,300,726,0
377,322,298,719,0
369,172,283,710,0
383,0,270,704,0
405,0,270,695,0
432,0,276,687,0
455,0,277,676,0
467,0,284,664,0
473,61,275,647,0
470,179,229,633,0
454,264,231,631,0
455,279,198,633,0
444,279,174,633,0
451,228,113,636,0
495,204,123,645,0
557,209,125,646,0
564,235,136,650,0
582,294,160,656,0
588,327,167,656,0
591,355,161,655,0
593,366,167,655,0
591,364,172,654,0
588,364,175,655,0
592,382,180,655,0
601,394,194,654,0
607,400,211,654,0
613,410,222,656,0
612,417,225,656,0
612,423,229,656,0
611,432,227,654,0
610,438,230,656,0
608,447,231,658,0
602,452,232,659,0
597,464,233,660,0
589,467,225,658,0
578,470,225,656,0
579,474,230,656,0
577,485,239,656,0
576,502,256,657,0
570,509,258,660,0
565,513,255,662,0
556,500,250,663,0
546,486,237,664,0
534,480,234,665,0
523,478,234,664,0
513,475,233,661,0
504,473,235,660,0
501,473,236,659,0
506,476,236,659,0
507,491,236,654,0
517,517,243,652,0
526,561,250,652,0
536,609,263,654,0
540,638,269,656,0
538,656,263,655,0
534,660,255,652,0
529,648,256,650,0
519,602,243,646,0
496,518,208,637,0
475,431,125,630,0
462,282,142,628,0
481,230,159,631,0
497,222,169,638,0
518,260,178,644,0
520,336,200,651,0
519,397,217,661,0
522,432,259,675,0
521,427,334,682,0
517,408,383,679,0
501,377,414,678,0
471,309,429,672,0
422,283,441,671,0
400,249,448,676,0
406,263,449,679,0
407,263,433,682,0
429,290,432,688,0
439,301,435,694,0
444,323,435,696,0
444,327,437,697,0
444,333,437,696,0
436,335,427,693,0
438,334,426,693,0
446,344,430,694,0
450,361,430,697,0
453,375,434,701,0
453,388,433,703,0
455,387,418,704,0
452,378,414,706,0
457,374,416,709,0
464,369,427,711,0
470,371,436,715,0
472,376,438,718,0
477,383,435,722,0
481,389,436,725,0
480,391,439,727,0
480,384,435,725,0
474,355,422,723,0
460,328,402,722,0
451,315,394,721,0
445,315,396,719,0
441,339,402,716,0
446,373,406,715,0
453,396,409,715,0
454,409,410,716,0
446,419,409,717,0
436,428,410,717,0
423,453,412,718,0
412,500,410,718,0
415,556,410,720,0
424,600,403,722,0
420,615,384,725,0
418,608,363,726,0
415,560,331,722,0
399,485,304,711,0
386,394,309,700,0
396,325,322,690,0
400,278,324,679,0
410,230,317,669,0
433,193,313,654,0
444,131,291,633,0
456,31,272,609,0
455,19,236,582,0
483,67,226,571,0
497,135,216,565,0
529,190,209,575,0
552,243,207,586,0
572,295,212,599,0
575,344,211,614,0
583,383,215,626,0
589,410,195,633,0
590,402,188,636,0
590,393,190,640,0
591,377,197,641,0
591,350,208,643,0
591,335,210,644,0
591,354,210,644,0
587,385,209,645,0
582,409,194,641,0
583,431,186,639,0
585,454,190,640,0
583,465,208,640,0
578,465,221,641,0
576,466,236,644,0
574,467,243,648,0
574,472,247,650,0
579,480,250,649,0
581,485,248,649,0
578,481,244,648,0
570,473,238,651,0
560,467,239,653,0
550,477,239,655,0
544,486,237,657,0
536,492,234,658,0
526,497,233,655,0
517,497,215,654,0
514,489,197,653,0
513,481,193,652,0
518,475,196,652,0
518,466,193,654,0
516,462,197,653,0
516,474,200,655,0
521,490,216,658,0
529,506,235,660,0
537,545,247,661,0
539,594,269,661,0
538,618,279,663,0
528,651,294,666,0
516,670,299,669,0
505,676,296,671,0
504,664,282,671,0
495,635,258,667,0
476,581,222,658,0
468,523,211,645,0
463,419,219,636,0
461,307,225,633,0
450,231,223,632,0
455,192,222,626,0
452,179,229,626,0
455,207,243,630,0
464,243,261,636,0
467,295,282,643,0
471,344,304,645,0
487,337,336,651,0
487,345,359,659,0
472,335,379,657,0
459,314,381,659,0
404,305,390,659,0
354,272,395,664,0
309,274,406,664,0
313,286,415,667,0
310,299,430,667,0
318,299,424,667,0
328,305,418,662,0
343,309,427,665,0
353,320,429,668,0
374,329,434,669,0
392,355,437,668,0
398,371,439,668,0
396,367,440,668,0
391,362,432,667,0
385,359,427,666,0
382,343,425,665,0
373,330,424,665,0
370,334,427,667,0
360,344,429,669,0
350,347,428,670,0
336,346,422,669,0
321,345,415,668,0
301,325,404,665,0
277,316,395,662,0
268,316,390,657,0
247,317,390,648,0
246,306,383,638,0
302,306,372,629,0
329,312,359,621,0
361,339,347,621,0
382,354,345,627,0
390,354,348,629,0
399,358,351,626,0
406,360,355,624,0
405,360,358,623,0
401,354,361,624,0
396,359,364,629,0
392,369,365,635,0
399,384,367,639,0
411,398,372,643,0
420,408,376,646,0
433,412,376,647,0
430,408,375,646,0
421,408,369,649,0
407,401,363,651,0
396,396,359,652,0
391,404,362,650,0
389,436,365,647,0
403,521,373,646,0
423,599,369,648,0
432,646,363,647,0
437,672,339,646,0
429,670,324,646,0
411,640,310,649,0
381,589,281,648,0
354,534,292,641,0
352,448,297,634,0
366,378,296,624,0
409,357,277,614,0
455,363,261,609,0
510,377,277,605,0
539,381,290,606,0
558,405,300,595,0
569,414,276,589,0
574,423,275,587,0
573,409,252,603,0
574,394,256,613,0
573,347,258,613,0
577,290,223,617,0
587,257,230,619,0
591,256,210,620,0
599,325,213,621,0
606,384,217,627,0
611,418,218,632,0
613,435,221,638,0
616,447,239,642,0
618,450,251,647,0
618,449,269,650,0
619,444,273,652,0
620,445,275,654,0
621,452,280,658,0
621,454,286,662,0
620,456,286,667,0
619,456,293,670,0
618,463,301,671,0
621,466,308,672,0
623,468,307,671,0
624,443,303,668,0
623,405,298,666,0
620,391,291,666,0
615,404,297,667,0
608,428,308,670,0
602,445,309,675,0
594,454,309,676,0
587,456,303,678,0
579,447,301,675,0
571,436,302,672,0
563,434,303,669,0
562,436,300,663,0
563,437,302,666,0
565,432,306,668,0
567,433,304,670,0
569,446,302,671,0
570,459,304,670,0
569,462,307,670,0
570,467,308,669,0
569,472,309,666,0
565,473,304,659,0
562,475,304,655,0
560,480,306,652,0
553,482,308,649,0
550,485,309,648,0
552,485,307,645,0
554,496,304,641,0
555,524,305,641,0
555,549,307,645,0
553,590,306,649,0
551,615,313,653,0
549,633,315,655,0
543,640,308,652,0
535,638,305,649,0
516,604,287,643,0
500,538,258,641,0
478,422,257,636,0
460,295,267,633,0
455,162,276,637,0
455,89,288,646,0
464,65,300,661,0
479,91,317,672,0
493,178,345,685,0
508,273,370,690,0
529,327,388,685,0
538,377,384,675,0
547,384,402,670,0
549,394,420,668,0
543,402,437,667,0
534,394,435,667,0
526,370,435,665,0
523,369,439,667,0
519,388,442,667,0
511,401,446,667,0
507,404,445,666,0
513,407,441,664,0
516,407,443,665,0
515,406,441,666,0
517,407,444,668,0
516,407,445,669,0
516,403,443,671,0
518,402,444,671,0
519,403,443,669,0
521,420,448,669,0
525,433,451,668,0
533,450,453,670,0
536,452,455,673,0
543,444,452,675,0
534,425,448,678,0
526,393,441,679,0
521,370,438,680,0
522,382,443,678,0
530,404,445,673,0
547,431,450,670,0
572,443,450,671,0
582,453,444,672,0
588,460,440,673,0
589,456,422,672,0
589,445,412,671,0
586,423,401,670,0
587,379,387,667,0
587,367,381,666,0
593,364,378,663,0
602,367,382,663,0
608,365,377,664,0
612,359,345,663,0
612,345,334,657,0
612,340,340,652,0
615,344,351,652,0
617,339,357,654,0
619,337,364,657,0
621,345,380,657,0
625,351,394,657,0
625,351,398,658,0
619,354,400,658,0
615,367,402,661,0
607,392,409,663,0
596,419,418,665,0
589,458,427,666,0
585,498,430,668,0
585,532,437,670,0
581,576,438,673,0
585,616,440,676,0
588,643,441,681,0
583,654,440,680,0
577,643,434,680,0
569,595,418,675,0
559,518,379,669,0
550,408,379,664,0
554,299,384,659,0
571,217,379,658,0
594,135,380,657,0
613,71,381,657,0
622,1,378,653,0
629,0,371,644,0
631,92,378,643,0
630,199,377,643,0
636,257,367,648,0
638,297,369,662,0
636,324,369,675,0
639,323,367,679,0
644,312,368,684,0
648,296,370,685,0
651,297,369,688,0
657,309,366,688,0
661,334,356,688,0
664,353,362,688,0
665,378,363,688,0
666,389,367,688,0
666,399,365,690,0
669,393,369,692,0
668,390,373,695,0
665,381,375,697,0
655,367,371,698,0
642,369,371,702,0
625,356,360,706,0
605,340,351,706,0
590,329,345,703,0
574,317,339,698,0
565,304,334,696,0
563,302,332,692,0
565,315,332,686,0
570,330,325,682,0
578,336,330,679,0
587,327,326,671,0
595,306,324,667,0
599,290,323,662,0
603,280,319,659,0
602,282,303,656,0
609,292,299,652,0
613,297,303,651,0
617,292,301,646,0
620,290,304,647,0
623,288,307,647,0
624,283,307,647,0
625,288,313,647,0
626,290,316,644,0
624,297,320,638,0
623,300,323,633,0
620,299,320,626,0
617,307,313,622,0
611,307,312,612,0
605,301,308,607,0
599,304,307,603,0
604,314,309,600,0
612,332,308,598,0
618,350,311,596,0
619,363,313,594,0
622,384,315,589,0
623,402,322,587,0
624,416,323,589,0
622,450,326,593,0
620,496,330,594,0
620,532,333,596,0
617,559,336,598,0
617,580,338,596,0
617,588,341,593,0
616,607,343,590,0
614,620,351,591,0
609,617,354,592,0
597,587,348,597,0
583,551,335,600,0
568,461,325,599,0
554,322,317,596,0
548,202,315,593,0
536,100,321,592,0
534,22,325,592,0
534,0,328,596,0
529,25,338,617,0
534,108,355,637,0
540,194,379,651,0
546,286,400,662,0
535,331,419,671,0
518,364,436,682,0
501,355,450,681,0
478,359,463,674,0
444,341,465,665,0
432,324,469,665,0
439,326,468,668,0
450,339,475,672,0
462,353,478,675,0
474,367,474,675,0
487,368,468,673,0
495,367,467,668,0
505,367,466,666,0
510,370,465,668,0
513,375,463,669,0
515,381,464,670,0
513,388,456,672,0
508,391,457,673,0
500,394,456,672,0
492,401,458,672,0
492,405,457,668,0
495,403,455,667,0
499,394,449,667,0
505,389,449,668,0
508,374,444,669,0
505,371,440,669,0
501,374,429,666,0
502,388,431,663,0
507,404,429,657,0
515,411,429,651,0
520,411,427,651,0
525,411,426,652,0
530,410,420,653,0
533,392,413,652,0
541,372,410,651,0
558,368,416,651,0
577,363,420,651,0
587,348,413,657,0
596,344,415,659,0
601,350,415,656,0
604,361,413,657,0
605,364,418,658,0
603,362,422,661,0
600,356,427,662,0
600,357,432,662,0
602,360,435,662,0
607,362,439,662,0
610,363,446,663,0
613,368,446,659,0
616,371,441,657,0
619,381,435,654,0
619,382,433,654,0
619,387,437,655,0
621,391,439,657,0
618,388,440,657,0
617,388,439,657,0
615,389,435,654,0
615,391,435,648,0
615,397,440,644,0
615,411,448,644,0
616,431,457,646,0
616,471,463,650,0
609,519,467,655,0
597,564,472,658,0
579,588,474,664,0
571,579,469,665,0
560,532,453,663,0
559,443,429,647,0
551,281,421,631,0
555,159,419,621,0
566,53,423,615,0
577,0,422,609,0
587,0,420,608,0
599,0,416,600,0
598,31,415,589,0
597,141,416,586,0
594,192,410,590,0
597,240,395,602,0
601,266,399,617,0
607,272,393,623,0
609,278,396,627,0
611,282,399,631,0
609,283,401,631,0
600,276,399,626,0
590,271,394,627,0
589,261,383,629,0
590,249,381,628,0
592,256,390,626,0
594,267,396,629,0
598,278,398,634,0
604,302,401,638,0
612,323,402,642,0
614,335,408,646,0
617,345,413,648,0
618,351,418,650,0
617,346,419,651,0
616,338,418,649,0
612,325,416,646,0
613,308,418,644,0
612,299,421,648,0
613,299,420,652,0
617,312,424,653,0
619,299,423,653,0
622,290,423,652,0
630,285,419,652,0
638,287,426,653,0
641,277,428,659,0
639,276,435,663,0
633,271,435,667,0
626,251,438,672,0
618,245,444,676,0
601,242,446,678,0
590,248,445,676,0
580,270,443,672,0
563,299,438,665,0
555,308,431,658,0
558,312,423,657,0
559,303,428,659,0
552,285,429,662,0
543,266,432,663,0
532,266,431,665,0
533,281,434,666,0
541,303,436,667,0
548,323,438,669,0
557,333,439,670,0
562,333,441,671,0
561,335,441,674,0
559,338,441,675,0
548,342,440,674,0
544,343,433,670,0
532,358,428,666,0
530,375,426,654,0
530,388,417,640,0
528,390,410,630,0
523,388,407,625,0
518,385,404,625,0
511,390,410,626,0
506,395,418,632,0
504,414,423,634,0
506,443,434,638,0
505,469,438,640,0
498,490,436,640,0
494,502,438,638,0
475,517,440,634,0
447,526,441,632,0
435,530,443,630,0
433,530,445,628,0
433,512,442,627,0
424,432,434,626,0
396,310,427,626,0
377,199,420,625,0
358,94,417,618,0
352,7,414,617,0
368,0,421,617,0
391,0,428,614,0
402,0,435,616,0
415,0,443,616,0
422,70,448,617,0
427,175,448,616,0
421,218,447,616,0
414,265,446,617,0
396,283,451,615,0
386,300,458,612,0
377,310,462,608,0
372,305,464,605,0
362,302,465,599,0
361,295,465,590,0
368,292,463,586,0
374,288,466,584,0
374,282,467,584,0
369,279,468,585,0
373,268,471,585,0
378,263,472,585,0
374,260,471,585,0
376,259,472,586,0
376,261,473,585,0
378,263,474,587,0
374,260,475,586,0
372,251,474,585,0
366,253,474,586,0
359,252,472,587,0
359,254,474,588,0
364,251,476,588,0
368,251,478,588,0
374,250,479,586,0
379,247,479,583,0
382,245,479,582,0
387,243,477,580,0
390,240,477,580,0
395,243,479,579,0
396,240,479,578,0
402,239,480,579,0
401,243,479,580,0
399,247,478,580,0
396,250,480,581,0
397,254,477,580,0
399,254,474,580,0
404,248,471,580,0
406,246,471,578,0
407,249,472,577,0
408,251,474,578,0
408,245,476,579,0
405,239,475,580,0
407,234,474,579,0
411,229,468,578,0
412,231,469,578,0
410,236,469,580,0
411,237,470,583,0
411,245,470,583,0
414,248,471,584,0
416,248,471,584,0
417,248,470,582,0
414,248,471,582,0
406,247,472,580,0
397,250,474,581,0
395,250,475,580,0
399,251,474,580,0
401,251,471,580,0
403,251,468,580,0
401,253,466,580,0
395,252,468,580,0
393,250,470,582,0
393,249,471,582,0
390,249,472,583,0
387,250,474,585,0
384,252,475,586,0
379,253,474,585,0
380,254,474,587,0
379,251,473,589,0
378,249,472,590,0
380,238,471,590,0
380,232,472,588,0
381,228,473,588,0
381,228,474,588,0
383,230,475,588,0
385,231,475,587,0
386,233,472,585,0
387,233,471,584,0
386,234,471,584,0
380,235,470,585,0
376,235,469,586,0
378,234,468,587,0
379,230,469,587,0
382,225,467,588,0
384,223,466,588,0
387,220,467,587,0
388,222,468,588,0
384,225,469,589,0
382,227,469,589,0
384,229,467,588,0
386,229,468,585,0
388,228,468,583,0
390,224,468,581,0
391,223,469,578,0
392,224,470,580,0
393,225,471,581,0
392,226,472,582,0
393,226,473,582,0
392,225,473,581,0
392,223,472,579,0
392,221,472,578,0
393,219,471,578,0
392,217,472,577,0
398,210,471,577,0
402,209,470,576,0
405,209,466,578,0
407,212,466,578,0
410,215,467,579,0
410,220,470,580,0
407,224,472,580,0
403,227,473,580,0
402,227,473,581,0
404,225,472,582,0
405,221,470,584,0
405,217,470,583,0
403,215,470,584,0
405,216,470,587,0
407,216,471,588,0
409,214,471,587,0
408,214,471,586,0
410,211,468,586,0
406,211,466,586,0
405,210,464,585,0
411,208,462,584,0
416,209,459,585,0
416,208,459,587,0
415,209,457,589,0
411,211,458,590,0
413,213,460,591,0
413,215,462,591,0
415,215,462,592,0
418,212,462,592,0
421,211,463,592,0
422,211,463,592,0
422,210,464,590,0
425,208,465,590,0
427,206,465,590,0
426,205,468,592,0
422,204,469,592,0
421,204,469,593,0
418,205,470,595,0
414,205,471,596,0
412,206,470,597,0
416,206,470,595,0
419,205,471,595,0
419,205,471,596,0
417,205,470,596,0
416,203,469,595,0
415,199,467,594,0
408,199,467,594,0
405,195,468,595,0
406,193,469,594,0
406,191,472,594,0
402,188,473,595,0
400,186,473,594,0
405,183,475,593,0
408,182,474,590,0
410,184,472,590,0
411,185,472,591,0
410,186,473,591,0
405,188,475,591,0
397,189,475,592,0
392,190,477,593,0
389,192,477,592,0
390,193,476,590,0
392,193,477,588,0
395,192,478,587,0
395,190,478,585,0
397,189,478,582,0
397,184,477,583,0
396,184,476,583,0
396,187,475,583,0
396,188,476,584,0
393,189,477,584,0
387,191,477,585,0
388,192,478,587,0
386,194,478,587,0
379,196,478,586,0
375,196,479,585,0
374,196,480,586,0
375,194,480,585,0
376,192,480,586,0
376,188,480,586,0
374,186,480,586,0
369,186,481,587,0
371,186,483,587,0
376,182,483,586,0
379,177,482,586,0
384,173,483,587,0
388,171,482,587,0
389,170,482,588,0
389,169,483,589,0
390,168,484,590,0
392,159,484,591,0
395,145,483,591,0
398,140,482,591,0
404,139,481,589,0
407,137,481,588,0
411,139,481,586,0
412,141,480,586,0
413,143,479,587,0
414,141,474,588,0
413,141,474,587,0
413,142,475,588,0
410,142,475,589,0
410,140,475,589,0
410,138,475,589,0
411,135,476,590,0
414,130,476,590,0
417,130,477,588,0
418,131,478,588,0
421,131,476,587,0
424,128,477,584,0
424,128,476,584,0
425,128,475,585,0
425,125,474,586,0
426,123,473,588,0
426,125,472,590,0
428,125,473,590,0
430,126,475,590,0
430,126,476,591,0
432,126,477,592,0
432,126,476,590,0
432,120,474,588,0
431,119,472,588,0
432,118,469,587,0
438,116,469,586,0
438,111,468,586,0
439,109,468,586,0
439,107,470,586,0
439,107,475,586,0
436,108,476,587,0
435,110,477,587,0
438,112,479,588,0
437,112,481,590,0
437,114,480,590,0
437,113,479,590,0
437,110,480,587,0
438,108,481,587,0
439,106,482,587,0
440,106,483,587,0
443,98,483,588,0
447,91,481,588,0
447,91,482,588,0
446,91,482,588,0
445,91,482,589,0
444,93,483,590,0
445,94,483,590,0
443,99,484,591,0
444,102,485,591,0
446,103,486,591,0
449,103,485,592,0
453,102,485,591,0
454,103,484,592,0
453,102,484,592,0
450,101,484,592,0
448,94,483,592,0
445,94,483,593,0
445,94,484,593,0
446,101,484,594,0
446,101,483,594,0
449,96,481,594,0
450,96,480,594,0
454,96,481,593,0
455,101,483,592,0
454,104,483,593,0
450,104,484,593,0
449,105,485,594,0
449,106,485,594,0
449,106,482,595,0
450,105,480,595,0
449,105,477,595,0
447,105,477,594,0
446,106,479,593,0
442,106,481,594,0
433,106,482,595,0
431,106,483,596,0
432,107,483,596,0
429,109,483,596,0
418,113,485,597,0
410,114,484,598,0
404,117,485,597,0
410,116,485,597,0
418,118,485,595,0
426,113,483,594,0
427,112,483,594,0
423,112,485,595,0
414,117,487,596,0
399,119,487,598,0
392,119,488,599,0
387,120,487,600,0
387,120,488,600,0
391,119,488,599,0
391,120,489,599,0
394,121,489,598,0
394,123,489,598,0
390,123,488,600,0
387,125,488,603,0
385,128,489,603,0
385,128,489,603,0
387,129,486,602,0
393,127,486,602,0
398,124,487,602,0
404,121,489,602,0
