F1,F2,F3,F4,F5
331,0,403,621,0
339,0,405,621,0
353,0,407,622,0
359,0,404,622,0
361,0,404,623,0
365,0,407,624,0
360,36,410,626,0
368,95,404,627,0
378,111,401,627,0
380,120,398,628,0
380,137,394,628,0
374,146,392,629,0
367,144,388,629,0
357,119,383,630,0
340,92,384,630,0
330,63,392,629,0
341,96,398,630,0
352,111,407,629,0
364,122,411,628,0
370,134,410,625,0
374,126,410,620,0
383,107,412,617,0
378,45,414,614,0
357,0,419,615,0
350,0,426,615,0
354,0,427,610,0
368,0,426,606,0
377,0,423,602,0
387,0,421,603,0
403,0,420,606,0
413,0,414,607,0
432,24,409,604,0
450,17,403,602,0
460,0,409,608,0
463,0,408,613,0
467,0,413,620,0
467,0,423,627,0
470,0,425,632,0
479,0,435,641,0
494,0,438,645,0
506,0,441,649,0
509,0,442,652,0
513,0,442,655,0
509,31,433,657,0
505,37,432,657,0
500,46,429,656,0
500,50,425,655,0
507,50,419,656,0
512,47,413,656,0
510,43,413,657,0
506,30,413,659,0
508,3,408,659,0
507,0,391,661,0
508,0,379,661,0
509,0,376,660,0
512,5,378,653,0
518,51,378,646,0
518,67,374,641,0
512,80,366,637,0
508,102,365,629,0
504,104,357,620,0
503,107,358,610,0
506,105,362,602,0
514,109,364,599,0
517,113,365,597,0
518,112,364,597,0
519,114,359,596,0
519,117,357,593,0
520,138,364,592,0
521,176,371,592,0
519,213,385,598,0
517,241,378,608,0
506,270,377,615,0
498,318,370,621,0
482,324,363,623,0
477,313,352,620,0
472,264,343,612,0
468,213,342,602,0
464,174,353,593,0
452,97,355,592,0
443,54,366,596,0
429,37,371,604,0
413,40,375,607,0
404,45,376,608,0
394,84,378,610,0
388,92,377,613,0
382,83,372,615,0
362,34,364,616,0
352,0,354,616,0
343,0,344,614,0
341,0,341,613,0
334,0,346,618,0
338,0,351,623,0
333,0,351,629,0
333,2,355,631,0
334,34,358,629,0
337,50,353,630,0
344,58,347,634,0
350,94,345,640,0
366,102,345,648,0
386,114,348,652,0
398,116,328,652,0
405,116,325,647,0
414,113,316,647,0
422,117,320,650,0
430,117,319,654,0
436,139,314,653,0
444,152,301,655,0
446,156,299,656,0
446,157,298,657,0
446,151,299,656,0
445,138,303,657,0
445,122,305,656,0
448,118,300,654,0
458,116,305,652,0
468,120,310,646,0
475,133,310,645,0
478,146,312,644,0
486,150,312,641,0
495,141,313,639,0
496,142,317,630,0
494,145,316,630,0
496,152,309,632,0
502,157,299,636,0
504,159,287,636,0
507,168,279,637,0
514,186,282,638,0
523,209,316,641,0
536,231,322,645,0
552,300,325,651,0
565,359,317,658,0
572,400,296,664,0
571,420,264,666,0
566,401,254,665,0
556,319,261,655,0
547,221,267,641,0
537,95,274,629,0
543,0,282,627,0
551,0,282,630,0
548,0,255,636,0
544,0,245,634,0
538,0,248,645,0
524,0,256,652,0
516,32,250,654,0
509,58,266,663,0
514,64,267,669,0
510,47,267,677,0
511,47,262,681,0
506,66,264,684,0
510,106,272,687,0
510,116,285,688,0
501,114,295,685,0
502,116,304,687,0
517,118,301,687,0
529,116,305,689,0
532,101,311,690,0
537,86,318,691,0
536,74,319,690,0
530,50,321,690,0
519,56,325,689,0
512,62,326,690,0
521,82,329,689,0
540,108,330,690,0
544,120,330,691,0
546,129,313,689,0
546,130,325,690,0
544,131,336,689,0
544,127,343,687,0
537,161,337,680,0
536,208,340,677,0
525,264,344,679,0
505,295,345,684,0
482,292,323,691,0
453,254,309,690,0
430,141,304,682,0
403,0,302,676,0
372,0,289,670,0
346,0,299,669,0
342,0,302,670,0
337,0,303,672,0
308,0,302,668,0
311,0,298,666,0
334,0,295,661,0
357,0,291,652,0
378,0,301,641,0
406,0,308,637,0
420,23,300,639,0
413,40,283,638,0
410,7,276,633,0
406,0,274,633,0
416,0,282,627,0
420,0,286,627,0
428,0,288,625,0
435,0,291,622,0
444,0,294,619,0
464,0,300,616,0
475,0,306,614,0
479,0,307,614,0
481,40,314,615,0
488,47,317,616,0
491,45,316,619,0
494,48,320,624,0
497,55,320,629,0
498,73,318,633,0
502,140,326,634,0
507,213,330,637,0
512,292,339,640,0
517,359,339,642,0
518,400,329,641,0
514,407,315,637,0
495,342,298,633,0
472,272,271,623,0
449,141,241,606,0
439,9,243,595,0
444,0,252,594,0
461,0,263,594,0
474,0,261,593,0
463,0,235,599,0
436,0,183,608,0
388,0,162,615,0
330,43,170,621,0
312,63,168,629,0
311,57,198,634,0
283,40,201,638,0
269,38,218,645,0
258,20,219,650,0
278,0,232,655,0
296,21,239,660,0
306,37,245,660,0
323,53,255,667,0
360,67,268,669,0
376,61,269,673,0
394,50,275,678,0
398,38,281,683,0
390,29,288,686,0
380,32,290,688,0
366,45,292,688,0
362,45,286,689,0
366,42,281,684,0
374,42,274,677,0
374,41,281,670,0
379,47,287,669,0
374,63,292,667,0
364,95,299,667,0
369,147,305,668,0
379,170,307,667,0
393,193,307,666,0
406,221,314,666,0
411,278,325,672,0
405,307,333,683,0
376,290,323,693,0
339,245,308,697,0
305,149,303,695,0
264,58,305,686,0
223,0,307,666,0
215,0,313,662,0
182,0,313,659,0
173,0,304,648,0
205,0,295,641,0
251,0,276,628,0
276,0,258,624,0
286,0,260,619,0
337,0,249,619,0
375,0,252,623,0
409,0,248,621,0
408,0,237,620,0
411,0,229,620,0
413,0,230,618,0
424,0,237,614,0
430,42,238,612,0
433,53,241,610,0
438,3,245,606,0
440,2,241,604,0
440,22,235,595,0
452,39,236,595,0
460,47,237,594,0
464,49,238,594,0
466,42,233,592,0
465,52,236,588,0
465,94,241,586,0
467,178,245,589,0
473,272,256,597,0
476,335,259,610,0
481,390,271,624,0
478,414,270,631,0
458,411,257,631,0
441,349,246,632,0
423,266,242,632,0
397,170,250,625,0
391,17,246,612,0
409,0,244,600,0
445,0,247,597,0
475,0,250,597,0
477,0,268,601,0
450,0,260,614,0
416,0,260,625,0
357,88,279,631,0
336,120,283,631,0
315,87,285,624,0
262,68,296,622,0
274,49,314,631,0
300,63,324,643,0
320,78,323,653,0
320,90,317,656,0
324,91,309,662,0
326,93,314,663,0
327,108,325,664,0
336,111,326,667,0
349,111,328,674,0
355,104,336,676,0
354,101,336,679,0
359,87,334,679,0
360,59,331,677,0
359,10,324,677,0
362,5,318,678,0
366,15,317,682,0
375,36,316,685,0
380,91,317,687,0
374,123,321,688,0
375,176,329,687,0
384,205,322,690,0
392,196,320,691,0
395,180,320,692,0
397,180,322,692,0
397,179,323,691,0
394,213,325,690,0
386,259,328,693,0
375,270,315,695,0
343,242,276,695,0
313,193,237,686,0
309,132,232,676,0
309,76,236,666,0
319,56,251,663,0
334,78,275,662,0
340,111,281,661,0
351,115,283,658,0
356,118,273,655,0
349,87,259,638,0
301,38,241,623,0
247,0,232,612,0
197,0,225,594,0
176,0,210,585,0
232,0,226,573,0
287,0,224,571,0
320,0,212,566,0
341,32,205,567,0
367,50,185,567,0
372,71,182,571,0
398,62,185,571,0
402,45,188,571,0
414,0,199,573,0
430,3,200,573,0
448,27,202,571,0
459,50,205,571,0
463,60,204,567,0
460,61,203,567,0
453,59,203,568,0
445,47,207,565,0
435,43,208,565,0
431,38,208,565,0
426,32,202,566,0
426,66,209,566,0
436,174,223,568,0
454,270,234,580,0
468,339,248,590,0
473,389,244,598,0
476,407,223,604,0
472,397,203,608,0
456,350,173,606,0
433,247,160,605,0
386,166,174,601,0
342,19,187,607,0
319,0,193,610,0
336,0,214,613,0
356,0,234,619,0
357,0,253,633,0
336,0,259,654,0
271,111,278,674,0
288,133,293,678,0
225,128,304,673,0
224,97,303,657,0
224,89,323,653,0
248,52,340,659,0
251,15,349,669,0
274,57,351,681,0
282,61,352,692,0
276,58,353,698,0
280,65,352,700,0
283,76,354,700,0
285,81,354,698,0
298,86,353,698,0
314,97,352,700,0
315,99,351,702,0
315,96,352,703,0
311,96,361,702,0
308,91,355,698,0
298,95,358,697,0
275,111,358,696,0
268,165,358,695,0
282,240,362,697,0
286,293,341,703,0
286,338,314,703,0
281,327,281,703,0
277,259,255,694,0
268,189,235,677,0
254,94,224,665,0
256,0,218,664,0
267,0,213,662,0
292,0,204,659,0
324,0,213,657,0
342,0,216,649,0
341,0,225,640,0
320,0,224,631,0
342,0,216,618,0
344,0,213,602,0
368,0,191,592,0
402,42,164,590,0
439,51,175,590,0
468,65,179,593,0
487,56,182,591,0
497,56,176,591,0
503,48,168,594,0
506,45,170,589,0
511,48,177,585,0
526,49,183,586,0
530,61,193,591,0
532,85,203,595,0
535,103,200,597,0
545,145,198,600,0
551,184,202,609,0
551,221,206,616,0
549,262,203,618,0
545,287,204,618,0
541,325,207,618,0
541,357,217,619,0
539,407,222,620,0
536,430,223,622,0
523,428,204,622,0
506,363,197,622,0
499,280,194,622,0
478,104,200,616,0
475,0,208,618,0
481,0,240,620,0
485,0,255,633,0
449,0,264,652,0
408,0,284,668,0
346,0,318,686,0
335,33,345,686,0
305,120,356,685,0
236,165,361,681,0
221,155,366,678,0
253,149,363,679,0
290,151,367,686,0
303,152,361,696,0
327,157,359,702,0
337,164,366,706,0
333,169,366,708,0
325,160,366,711,0
317,155,372,711,0
314,141,361,713,0
316,121,352,712,0
319,120,347,709,0
318,113,343,710,0
320,115,344,709,0
320,117,351,706,0
315,123,355,704,0
310,119,357,705,0
278,106,355,708,0
239,62,351,710,0
233,28,333,708,0
235,18,323,710,0
239,23,330,714,0
243,43,337,717,0
254,93,349,718,0
270,114,366,713,0
280,134,372,704,0
292,179,363,693,0
304,237,353,686,0
316,288,347,689,0
324,328,342,695,0
334,386,327,700,0
348,377,304,704,0
350,316,295,703,0
349,222,291,696,0
331,137,301,686,0
327,5,309,676,0
325,0,316,675,0
344,0,335,671,0
367,0,340,667,0
411,0,337,660,0
473,0,327,650,0
508,0,315,650,0
515,1,300,656,0
515,32,277,665,0
517,34,276,674,0
505,45,273,679,0
508,43,258,678,0
512,40,240,671,0
520,34,233,667,0
529,33,238,664,0
534,36,239,669,0
542,43,253,672,0
546,57,255,677,0
550,63,260,679,0
553,70,263,671,0
558,75,268,669,0
569,119,271,667,0
573,155,274,665,0
576,164,277,667,0
574,173,280,669,0
568,184,279,668,0
565,182,275,663,0
565,180,274,659,0
568,195,273,658,0
569,237,282,656,0
567,321,291,658,0
559,377,298,667,0
556,433,295,672,0
544,434,278,677,0
535,399,273,672,0
532,325,270,658,0
516,240,268,644,0
490,136,268,639,0
473,10,272,639,0
466,0,279,642,0
454,0,286,642,0
458,0,288,637,0
446,0,281,630,0
438,0,277,626,0
420,8,274,627,0
404,14,274,628,0
395,0,266,629,0
384,0,265,628,0
367,0,270,622,0
348,0,269,617,0
332,0,269,613,0
312,0,271,613,0
298,0,275,616,0
275,0,277,620,0
235,0,297,626,0
191,12,312,632,0
153,0,331,648,0
109,9,355,656,0
88,26,362,654,0
87,44,380,646,0
48,60,379,641,0
46,63,378,639,0
60,68,376,639,0
60,62,374,638,0
32,48,374,634,0
0,50,379,633,0
0,56,382,631,0
0,69,374,626,0
0,74,370,624,0
32,76,365,621,0
35,76,362,619,0
46,79,366,621,0
71,83,365,625,0
96,80,362,629,0
102,73,361,632,0
98,67,362,636,0
104,58,359,636,0
115,57,356,639,0
137,57,361,641,0
152,63,370,638,0
170,73,376,636,0
174,87,379,637,0
173,111,377,637,0
185,123,369,637,0
197,127,369,638,0
203,133,362,636,0
202,164,360,637,0
200,192,362,635,0
206,249,366,639,0
214,284,368,639,0
228,331,367,641,0
244,370,361,639,0
252,369,350,634,0
243,322,335,622,0
212,242,317,600,0
191,123,294,575,0
197,0,281,559,0
264,0,277,563,0
363,0,294,574,0
429,0,308,585,0
474,0,303,604,0
504,0,306,610,0
520,0,302,615,0
520,0,289,608,0
532,93,271,613,0
540,142,249,617,0
546,115,230,624,0
560,70,208,631,0
569,65,208,636,0
571,64,212,642,0
575,63,224,646,0
577,63,231,652,0
572,64,244,654,0
560,60,245,654,0
545,58,246,649,0
557,64,257,647,0
562,87,275,651,0
567,116,286,652,0
571,136,296,654,0
572,153,304,656,0
572,154,305,660,0
556,152,306,662,0
540,159,308,665,0
509,161,309,666,0
440,117,305,666,0
401,43,301,666,0
353,0,290,664,0
333,0,276,659,0
318,0,287,656,0
312,0,289,652,0
305,0,288,648,0
300,26,291,641,0
310,40,292,640,0
317,60,297,637,0
344,74,296,632,0
355,81,299,633,0
360,130,298,640,0
364,180,306,647,0
382,227,313,653,0
384,285,320,656,0
384,351,318,661,0
388,397,317,666,0
387,407,289,666,0
365,357,268,655,0
338,276,257,644,0
329,207,263,639,0
305,97,269,643,0
256,16,297,651,0
211,0,302,657,0
181,0,308,657,0
161,0,302,658,0
159,0,298,664,0
172,0,295,672,0
207,25,316,687,0
259,101,354,689,0
303,136,372,684,0
323,114,387,671,0
341,105,388,663,0
345,107,391,665,0
330,97,393,668,0
314,75,396,668,0
314,67,400,666,0
314,66,398,664,0
315,88,398,660,0
311,113,404,656,0
310,124,411,650,0
310,133,411,647,0
317,132,402,649,0
327,120,394,647,0
332,120,384,645,0
339,124,387,642,0
340,128,396,643,0
344,131,398,645,0
337,132,396,649,0
335,131,385,653,0
343,126,365,657,0
349,115,354,657,0
351,121,342,654,0
351,132,344,645,0
351,132,351,642,0
355,169,353,635,0
362,184,348,626,0
362,202,341,625,0
364,220,341,627,0
362,228,350,632,0
364,236,358,636,0
368,254,359,641,0
377,269,354,645,0
386,284,364,646,0
388,326,380,647,0
387,360,382,653,0
379,381,371,652,0
377,371,345,649,0
366,312,306,637,0
351,240,291,621,0
335,149,270,603,0
332,16,265,588,0
334,0,267,581,0
363,0,280,581,0
374,0,292,584,0
362,0,305,563,0
334,0,310,550,0
337,0,323,539,0
321,39,328,561,0
360,89,328,583,0
382,90,317,598,0
415,43,305,614,0
417,16,300,627,0
419,0,304,627,0
409,0,312,624,0
393,0,318,624,0
390,40,320,628,0
384,59,323,636,0
367,78,326,639,0
369,100,332,642,0
366,106,343,643,0
369,108,346,645,0
377,105,349,642,0
382,97,350,638,0
380,74,349,637,0
382,58,351,633,0
389,54,352,632,0
394,39,355,631,0
412,31,355,633,0
432,29,355,635,0
444,25,354,639,0
452,11,356,639,0
449,9,358,640,0
440,33,370,643,0
423,48,378,646,0
408,63,386,647,0
391,89,390,649,0
386,108,390,644,0
372,119,393,638,0
360,131,392,632,0
362,132,394,629,0
357,129,393,626,0
360,160,395,628,0
368,210,400,632,0
367,266,403,641,0
358,307,399,649,0
352,311,384,656,0
328,271,368,658,0
314,189,330,656,0
269,83,328,653,0
249,0,334,651,0
235,0,343,649,0
238,0,350,651,0
248,0,360,651,0
268,0,367,650,0
285,0,371,645,0
299,0,368,643,0
306,0,358,641,0
306,0,353,643,0
291,0,335,646,0
288,0,318,649,0
289,0,311,651,0
301,0,303,650,0
294,0,304,651,0
291,0,309,649,0
291,0,315,649,0
293,8,325,649,0
295,22,330,649,0
297,22,332,651,0
302,28,337,653,0
305,31,342,656,0
304,0,342,657,0
303,0,342,657,0
307,0,337,657,0
305,0,336,660,0
309,0,338,660,0
309,0,341,663,0
307,0,342,664,0
308,0,341,666,0
309,0,340,667,0
307,0,338,668,0
307,0,336,667,0
308,0,339,667,0
309,0,338,668,0
304,0,338,670,0
304,0,338,671,0
304,0,339,670,0
304,0,335,669,0
305,0,336,665,0
306,0,339,662,0
309,0,338,662,0
306,0,339,663,0
303,0,338,664,0
297,0,339,665,0
294,0,340,667,0
287,0,342,667,0
283,0,344,664,0
282,0,339,658,0
284,0,335,653,0
276,0,333,650,0
261,0,332,650,0
260,0,334,651,0
261,0,335,653,0
254,0,336,654,0
259,0,336,653,0
260,0,334,649,0
