F1,F2,F3,F4,F5
552,36,417,767,277
552,40,418,768,277
553,41,419,768,278
554,43,419,768,279
555,40,418,768,281
557,38,418,767,280
557,39,419,768,281
558,42,420,768,285
560,50,420,768,284
563,59,421,769,289
565,66,421,769,290
567,65,421,769,291
567,68,421,769,294
567,76,421,769,295
568,87,422,770,297
569,116,423,770,299
570,162,423,770,301
572,185,425,771,303
573,208,427,771,305
574,226,426,771,307
575,262,426,772,308
579,360,423,772,310
580,398,422,773,309
583,426,425,773,313
587,433,416,774,315
591,423,412,774,315
592,372,411,773,316
592,322,409,772,317
592,197,404,771,313
592,24,403,770,313
596,0,398,770,314
601,0,402,770,316
608,0,405,772,317
615,0,408,772,319
624,0,414,772,322
632,72,412,772,323
638,141,407,772,326
642,188,402,772,329
646,187,386,772,332
650,170,378,771,334
655,136,365,769,328
658,80,364,769,317
662,50,365,768,315
665,28,370,768,291
670,0,366,769,269
674,0,371,772,268
677,0,379,773,267
680,24,384,775,268
682,41,378,776,269
682,54,371,777,269
681,70,366,778,271
679,77,364,779,274
675,78,366,780,273
670,87,371,780,274
664,107,375,781,275
660,102,376,781,276
661,109,378,780,275
663,123,382,780,271
665,142,386,780,266
666,148,390,779,262
663,159,392,780,261
656,157,393,781,261
652,145,389,781,262
651,128,382,781,263
651,137,383,780,267
655,169,390,781,268
658,191,393,782,267
660,208,392,782,266
656,198,383,783,258
650,177,379,783,260
648,169,378,782,260
646,173,380,782,255
648,179,383,783,247
651,182,380,783,238
654,182,381,784,237
655,183,379,786,232
656,172,375,787,232
657,175,377,787,230
658,173,380,788,228
660,167,378,788,228
660,165,375,790,224
661,174,375,791,223
664,189,392,790,224
665,198,395,792,230
666,217,396,792,237
665,243,401,793,241
665,260,407,793,244
665,311,413,794,257
669,398,423,794,263
674,440,427,795,253
676,468,426,796,253
678,479,416,796,253
678,419,402,796,258
677,305,384,795,254
672,1,356,795,252
660,0,354,795,253
656,0,352,797,270
656,0,356,799,284
661,0,331,799,296
665,0,352,799,309
666,0,355,800,334
657,0,363,802,347
647,0,366,802,361
643,114,381,803,372
642,193,369,804,370
641,165,353,805,374
636,108,342,804,373
631,58,356,805,373
624,39,360,806,374
624,37,360,806,377
626,50,358,805,380
629,94,361,805,383
630,129,358,805,384
632,178,363,805,395
634,211,363,806,398
640,228,363,806,401
644,239,363,808,402
645,246,362,808,407
646,280,367,809,409
648,303,370,808,411
652,319,374,808,406
655,332,379,808,401
655,341,381,807,396
654,347,383,808,396
651,339,377,809,393
644,319,373,809,381
634,310,369,809,376
617,287,368,809,371
607,278,366,810,369
601,292,366,810,365
599,313,366,810,370
596,326,366,811,376
598,344,367,811,377
602,347,368,811,379
603,352,367,813,380
603,351,363,813,380
600,335,354,814,374
598,325,354,814,373
599,320,357,814,365
601,330,359,814,361
604,341,362,814,360
611,358,370,814,372
621,400,376,813,393
627,445,388,814,410
626,466,398,816,408
623,474,397,817,406
621,473,386,817,390
618,463,380,817,384
616,413,377,815,383
616,380,374,814,381
618,274,385,815,367
617,156,401,814,360
612,54,407,813,349
607,0,407,812,339
609,19,409,810,334
612,55,410,810,335
613,148,409,811,332
614,211,409,812,331
616,209,404,811,332
619,176,385,810,334
625,131,378,810,329
632,106,368,808,326
638,95,355,807,318
642,96,347,806,312
648,97,336,805,302
654,96,325,804,293
666,94,324,802,275
677,64,318,801,261
684,56,324,800,263
691,41,329,802,267
693,41,323,805,271
684,50,246,806,276
680,56,254,803,275
683,60,252,801,272
684,49,254,800,259
681,43,269,801,255
678,49,283,802,253
673,55,298,804,256
670,48,312,806,261
670,37,305,806,263
671,29,287,805,261
674,0,269,804,256
678,0,262,802,248
682,0,267,801,244
683,0,272,802,244
684,0,275,803,241
685,0,253,802,235
686,0,237,801,222
691,0,223,799,239
695,0,217,798,237
698,0,226,796,240
699,0,231,790,239
703,0,240,790,243
708,0,266,790,252
710,8,295,790,269
712,45,274,792,287
709,64,296,794,287
707,80,307,794,290
709,105,303,793,287
711,113,296,792,289
711,115,298,792,293
711,160,302,792,300
712,185,298,791,305
714,231,289,787,313
715,246,282,783,320
715,244,283,783,329
714,270,296,783,334
712,310,307,784,339
711,380,323,785,347
708,433,336,787,346
702,469,337,788,351
698,456,318,788,349
695,395,311,788,349
687,312,298,788,346
673,177,282,787,341
654,22,282,786,343
638,0,272,788,349
622,0,269,792,347
614,0,266,794,349
609,31,269,796,364
608,108,265,797,367
607,192,261,799,371
601,240,252,800,376
595,220,234,800,387
581,177,223,796,385
572,128,204,793,377
574,120,204,792,368
581,126,208,792,374
589,140,211,792,383
592,148,212,792,390
587,145,211,793,391
579,136,215,792,388
577,132,227,791,379
582,135,234,791,377
596,149,251,791,374
607,155,267,792,376
608,155,274,792,375
595,160,269,792,379
587,151,265,792,384
581,138,262,791,384
569,135,258,789,385
562,131,244,787,387
566,136,246,787,386
579,163,266,788,386
596,293,294,790,400
616,399,319,792,414
627,451,326,793,423
629,501,323,794,434
629,513,309,794,439
625,434,303,793,448
607,359,281,791,446
596,179,258,790,429
590,0,256,786,404
598,0,244,783,367
613,0,242,780,300
628,0,230,780,285
636,0,231,780,267
643,0,256,779,247
655,0,269,778,238
660,108,280,777,222
659,190,301,779,221
660,193,324,782,223
657,180,324,782,222
659,122,325,781,218
656,101,317,781,213
650,78,312,781,211
642,47,318,781,210
637,33,321,780,205
637,1,313,780,203
642,0,310,780,200
644,18,310,779,195
645,31,313,780,193
645,36,322,782,192
643,38,327,785,192
645,53,333,785,194
649,64,335,784,193
653,89,331,784,191
655,102,326,783,191
654,97,321,783,189
652,100,330,784,187
653,104,333,783,184
655,108,329,780,195
654,104,320,778,192
645,90,320,780,190
638,87,327,782,189
632,99,337,784,190
629,128,345,785,200
627,214,356,785,188
626,303,373,786,196
628,382,379,786,195
634,410,379,786,196
637,406,360,786,196
638,360,350,786,199
633,249,333,786,210
628,86,312,786,237
620,0,310,787,259
625,0,324,788,268
640,0,338,788,274
646,140,350,789,284
656,350,358,790,300
660,444,366,789,315
661,506,369,789,324
661,521,371,791,328
660,518,373,790,327
657,492,373,787,324
652,427,364,783,316
647,342,352,781,313
638,158,356,780,304
636,0,340,779,294
635,0,342,778,299
638,0,351,777,301
638,0,364,779,304
638,0,381,781,302
642,0,389,782,300
645,0,386,782,300
644,66,379,781,303
644,97,359,780,303
639,124,351,778,303
631,118,349,778,302
622,70,344,778,298
611,12,337,777,309
598,0,330,777,310
584,0,324,781,318
576,0,329,784,319
574,0,330,786,325
571,0,320,789,345
563,0,306,790,342
553,0,285,787,344
531,0,233,778,313
504,0,195,765,288
482,0,144,756,262
487,67,126,754,258
504,119,135,756,245
512,150,150,758,276
516,158,180,759,284
516,121,193,757,296
502,117,206,755,303
497,120,214,754,313
497,121,310,752,299
495,130,308,751,275
482,120,314,752,263
473,106,313,752,262
479,88,314,751,263
495,56,309,748,264
506,59,305,747,263
522,85,311,747,264
531,112,314,746,275
538,130,315,747,283
540,123,295,746,288
540,103,278,741,291
539,90,255,738,297
538,53,226,734,304
533,36,217,728,309
527,37,218,719,320
502,41,225,715,318
474,82,233,715,323
465,135,263,718,333
477,209,290,720,342
494,339,316,725,362
516,436,333,728,373
541,492,338,733,386
553,521,340,736,399
560,501,332,734,407
560,414,330,728,410
553,313,309,725,397
523,48,294,726,372
518,0,300,727,324
526,0,298,730,284
561,0,307,735,271
600,0,329,738,260
634,0,346,738,241
649,0,365,741,239
661,105,377,747,237
665,212,389,754,242
663,286,416,761,256
661,291,428,766,258
659,254,430,769,256
651,210,433,771,258
641,126,428,773,257
637,87,431,776,253
636,72,433,780,252
640,75,434,784,253
645,75,432,786,253
648,76,426,786,253
649,75,418,787,248
649,76,416,788,244
649,81,419,790,249
651,83,422,790,257
656,99,426,789,260
651,118,426,789,258
645,125,427,789,257
644,128,428,789,255
646,135,425,788,254
646,136,419,789,256
644,144,421,790,267
640,152,421,791,274
644,161,421,791,278
646,162,420,792,279
647,149,412,791,280
647,142,402,791,277
646,141,409,791,267
646,157,412,793,273
647,173,414,795,273
650,185,418,795,275
652,221,423,795,269
654,236,420,795,259
656,245,426,793,253
655,271,431,793,235
656,292,436,795,234
659,396,440,796,252
661,446,441,796,274
660,493,440,798,290
659,497,433,798,305
660,429,424,794,318
662,350,398,789,321
664,65,355,786,330
661,0,349,784,344
659,0,336,785,355
660,0,329,784,363
665,0,323,785,368
665,0,325,782,373
659,0,334,782,387
651,0,337,778,388
626,0,314,767,363
590,0,301,753,336
567,0,273,734,331
549,67,216,720,301
526,134,211,698,281
501,116,171,673,264
471,77,126,656,245
449,61,123,638,246
450,38,151,635,265
465,50,188,638,271
475,59,215,641,271
471,62,225,646,264
462,57,247,648,252
453,59,262,652,239
450,52,261,654,245
453,56,262,652,255
468,67,267,651,262
475,83,274,652,266
480,113,287,654,280
486,144,293,656,288
488,167,294,660,280
476,175,301,663,273
455,179,303,665,271
434,174,294,666,277
410,139,275,663,269
380,88,250,662,272
351,48,230,660,275
354,36,227,656,284
371,55,229,653,291
389,108,248,646,305
408,163,264,646,318
420,200,274,648,323
422,264,286,651,324
418,292,290,651,326
418,311,289,650,331
418,384,302,649,341
418,466,302,647,343
431,522,302,647,334
438,559,307,648,323
446,571,298,646,322
445,543,291,639,321
429,440,286,631,322
404,340,264,630,302
372,193,262,633,287
367,28,278,630,267
374,0,289,640,271
422,0,308,651,264
473,0,321,652,255
520,55,327,655,249
538,132,337,665,219
555,196,348,679,200
568,239,357,689,201
571,252,368,703,200
572,252,371,710,210
569,245,380,715,223
565,244,387,719,224
563,250,385,720,224
567,269,388,725,230
574,280,383,727,235
580,278,375,727,233
578,276,369,729,235
584,284,363,731,238
589,289,368,734,246
590,294,370,736,239
593,291,372,736,241
594,287,365,735,243
590,279,355,734,242
590,283,364,734,238
593,276,372,736,229
593,262,373,738,230
594,259,373,737,228
592,251,366,737,223
589,250,362,740,224
589,235,360,743,222
589,227,361,745,225
586,225,354,747,224
582,226,347,748,226
580,229,343,748,226
582,233,350,748,227
585,234,355,748,226
589,231,353,748,226
592,229,356,749,221
593,226,364,751,212
590,232,373,753,213
590,238,380,756,218
593,294,388,756,220
598,354,393,755,238
607,424,401,755,251
618,495,396,756,249
626,509,400,757,237
633,464,395,756,239
638,402,387,754,268
634,286,369,755,286
610,122,351,755,304
601,0,344,752,307
599,0,337,749,315
601,0,332,749,326
605,0,335,749,338
608,38,337,746,345
607,74,342,743,341
602,112,330,733,336
594,148,303,727,320
584,170,284,719,311
586,137,267,714,316
587,129,252,713,318
584,113,229,709,320
575,103,227,704,325
566,107,233,702,322
559,106,226,695,321
540,111,222,688,314
516,108,208,677,287
494,95,183,660,273
476,80,176,649,260
471,83,196,642,257
481,95,210,642,264
477,107,219,645,265
469,114,222,648,269
462,121,218,649,273
460,127,214,649,272
463,149,224,652,273
466,154,233,656,278
471,156,235,659,273
476,164,238,659,274
461,167,239,660,281
447,196,250,664,285
442,231,267,666,287
444,258,282,667,289
449,271,285,665,293
456,282,284,662,298
462,283,289,658,303
463,346,301,662,321
459,434,329,667,337
464,525,350,676,331
467,549,360,685,324
464,572,358,689,325
462,536,354,687,343
433,418,335,682,351
396,307,313,679,344
353,155,307,678,337
346,0,316,680,321
364,0,327,685,315
389,0,333,692,302
439,0,345,698,285
485,48,359,707,278
530,159,370,719,269
557,230,372,729,263
579,282,384,739,261
590,311,397,748,262
593,308,411,756,264
585,260,415,761,268
574,200,412,761,271
566,170,407,762,269
558,149,402,764,269
554,119,407,764,271
556,138,407,766,280
563,149,407,770,286
565,158,401,772,297
562,185,404,772,308
565,201,403,773,308
566,209,411,776,315
568,214,414,779,321
569,211,409,780,322
568,192,405,782,317
568,183,395,784,310
564,188,387,784,313
561,195,392,786,298
556,205,388,787,289
552,226,390,788,290
544,214,375,790,288
543,188,369,793,292
542,163,365,793,286
539,172,364,793,282
537,181,366,795,282
539,198,375,796,284
540,208,373,799,293
545,215,365,800,296
547,219,364,802,295
542,217,361,803,302
535,202,356,804,305
533,176,356,804,302
535,179,358,805,304
539,186,357,806,306
539,187,355,806,303
542,191,352,806,308
544,186,350,805,310
545,189,352,805,313
547,193,354,805,316
550,197,355,805,314
554,218,362,806,313
562,269,367,807,314
569,296,369,808,321
575,309,372,808,322
577,326,376,808,327
577,365,377,808,329
576,420,378,808,332
573,437,377,808,336
573,445,380,807,337
575,459,382,806,341
578,477,377,806,340
580,484,369,805,349
583,460,355,803,363
586,400,342,801,368
583,288,324,799,369
582,193,298,797,359
583,81,292,794,356
594,0,288,791,360
608,0,278,787,364
618,0,280,784,362
631,0,271,777,346
645,38,263,766,306
652,107,259,753,283
656,188,246,743,267
660,238,230,735,249
659,244,203,724,216
649,236,172,718,205
631,224,151,720,196
625,236,163,723,193
625,237,176,725,193
627,243,203,730,193
631,250,219,732,190
632,258,221,736,195
634,268,227,737,221
632,263,233,740,236
624,255,242,742,228
622,237,251,743,193
625,219,250,741,200
628,195,247,741,207
630,185,252,742,210
633,191,255,742,210
635,210,257,743,209
637,214,255,743,212
643,215,248,737,236
651,196,235,730,250
661,184,228,723,259
668,176,231,719,281
669,178,235,715,302
668,183,245,711,319
669,182,252,706,330
671,187,271,701,338
669,190,290,697,343
665,192,297,699,361
668,224,308,704,367
673,278,321,707,371
676,333,339,712,373
676,377,356,714,380
678,423,361,717,383
683,433,367,720,391
685,448,367,721,393
682,458,373,720,392
676,465,375,718,390
667,454,375,718,384
649,397,367,717,377
636,304,357,713,360
626,105,343,711,335
608,0,355,711,314
602,0,353,714,303
597,0,360,720,271
594,0,371,729,243
592,0,377,737,249
605,0,383,751,239
614,32,384,760,249
617,148,379,770,252
609,251,387,776,255
604,294,388,781,254
595,302,392,784,245
590,302,390,786,245
591,294,391,789,251
592,293,391,790,254
596,282,374,791,262
599,284,369,794,255
598,290,364,795,261
597,289,361,796,259
596,284,366,797,264
597,278,369,798,261
598,279,375,798,261
599,285,377,798,260
600,294,374,799,260
603,307,376,799,261
605,317,377,799,272
604,320,379,799,271
606,322,383,800,278
606,320,384,800,284
600,314,374,800,292
594,303,365,801,292
589,284,354,802,286
582,268,348,802,286
575,254,352,803,282
569,260,355,804,288
542,261,354,806,305
517,235,351,807,313
513,234,353,808,316
514,212,349,809,313
522,210,348,809,312
532,215,349,810,314
542,234,351,812,314
553,250,354,812,319
562,283,358,813,323
566,306,359,814,326
562,316,359,816,327
559,315,358,816,329
560,317,360,815,327
563,315,362,815,329
563,324,362,815,325
563,334,365,815,325
565,354,368,816,332
568,395,372,816,346
569,440,371,816,352
571,477,367,818,357
570,473,363,818,357
566,478,362,818,357
567,480,364,817,353
571,484,373,817,351
574,486,380,817,354
581,455,378,815,363
583,352,372,813,368
583,125,363,812,356
585,0,347,808,351
597,0,328,804,327
618,0,337,801,305
640,0,345,799,279
669,0,347,798,279
683,0,365,795,255
685,0,357,789,239
685,0,349,785,215
680,0,332,777,210
678,51,322,772,201
662,109,311,769,193
650,127,293,765,185
640,155,266,761,180
637,155,279,758,181
646,160,284,754,175
653,174,300,752,159
663,198,323,752,149
674,212,341,752,145
680,225,344,753,143
684,213,343,753,136
687,201,339,750,111
684,201,342,746,97
681,196,345,746,101
677,195,350,746,101
673,191,344,747,102
669,186,329,747,97
664,182,334,747,97
659,175,341,746,95
662,191,349,746,99
666,197,353,742,104
674,223,356,744,98
680,265,303,742,96
686,278,326,745,106
687,284,331,745,137
688,287,334,742,152
687,291,333,741,154
687,294,335,738,157
690,309,340,739,163
692,325,339,740,164
694,342,340,738,170
696,353,339,734,169
697,355,331,728,172
699,357,335,726,174
701,358,341,723,180
706,360,345,724,193
710,365,350,724,209
709,366,355,729,225
707,370,362,732,241
707,384,367,732,243
708,403,368,733,234
707,436,375,735,233
705,469,378,736,236
704,504,385,737,223
702,532,389,740,217
697,539,392,741,205
690,533,390,741,168
679,438,383,739,149
662,299,380,736,132
638,91,367,736,117
621,0,364,734,101
612,0,358,734,99
601,0,361,736,100
591,0,362,738,106
587,0,367,750,127
596,0,372,762,152
606,0,375,771,165
599,138,386,781,170
600,244,396,790,188
599,297,391,797,205
592,328,393,803,228
589,349,404,808,242
587,356,400,811,258
583,364,402,812,273
582,365,418,811,271
576,374,414,813,274
570,377,405,814,275
570,376,403,815,279
570,379,404,815,279
573,367,406,816,279
575,366,409,816,286
576,363,405,816,287
577,355,403,816,297
575,347,396,816,290
559,345,390,817,291
553,337,393,818,288
557,345,398,819,290
561,361,393,819,287
571,373,386,819,286
582,382,387,819,286
591,389,388,819,296
596,396,392,819,302
591,402,397,820,296
585,399,399,820,308
577,382,402,819,311
568,358,399,819,304
558,346,395,818,283
559,345,392,818,281
565,365,394,818,282
570,388,395,818,284
571,404,402,818,287
568,417,398,818,289
566,419,395,818,290
564,425,394,818,287
561,428,393,818,287
560,428,387,819,290
559,431,392,819,300
559,436,388,818,304
562,439,378,818,307
563,439,378,818,311
563,438,384,818,314
566,440,392,818,316
575,470,394,818,326
586,496,399,818,329
593,532,397,818,333
595,538,391,817,333
582,481,380,815,336
580,406,373,814,330
587,371,359,811,310
595,236,356,808,285
613,127,363,803,272
627,52,371,796,245
637,11,391,786,222
650,20,353,780,218
658,70,361,779,211
664,128,320,780,212
664,140,325,784,221
669,168,340,784,222
669,183,348,782,223
670,180,358,779,212
667,164,362,778,211
657,156,309,778,211
653,158,341,778,208
660,160,350,778,208
665,159,352,778,209
656,166,354,781,210
649,159,356,783,209
647,162,360,785,211
643,167,355,786,213
643,158,350,784,214
640,155,338,782,218
634,159,324,782,225
616,167,323,782,225
606,173,324,782,226
599,171,315,782,230
600,163,302,781,228
598,156,296,779,234
591,155,296,777,242
578,154,298,777,249
570,156,302,776,251
563,159,301,775,251
550,159,297,774,250
525,163,284,772,252
515,167,276,770,251
510,169,274,766,244
525,177,276,763,248
544,187,284,763,246
559,209,293,765,237
565,239,306,768,237
564,252,311,770,239
564,268,316,771,243
560,271,320,770,247
552,269,320,770,242
543,262,324,769,241
536,228,329,769,242
536,193,340,768,244
537,168,349,768,243
537,174,356,770,243
541,189,364,771,244
543,204,372,772,247
539,235,372,772,251
529,249,377,771,252
528,266,377,771,253
531,283,379,772,255
540,335,383,774,264
552,395,389,776,274
566,450,392,778,277
579,535,403,781,272
581,568,403,783,268
577,586,403,782,285
576,566,403,782,301
566,477,402,780,309
551,372,399,777,315
536,225,397,775,311
528,116,388,774,298
532,0,390,769,297
542,0,387,771,295
556,0,389,772,300
567,0,388,773,307
579,57,384,774,310
587,130,385,775,308
590,189,388,775,304
591,247,395,776,293
585,279,404,777,284
581,282,407,777,280
574,279,404,777,280
563,273,402,776,281
548,267,402,776,284
532,247,397,776,283
518,237,395,773,280
496,220,392,771,278
476,205,392,768,285
468,198,389,765,269
462,184,389,762,264
463,188,390,760,260
466,198,384,758,261
475,200,385,757,262
481,213,382,756,265
485,218,378,757,268
488,220,379,758,271
496,230,380,758,273
504,245,380,758,283
506,250,379,759,290
509,255,381,759,297
513,255,382,759,301
515,263,381,759,304
515,267,378,759,305
515,265,375,759,307
513,259,370,759,309
509,249,368,759,310
505,241,361,759,309
502,226,357,758,311
505,220,356,757,312
511,223,352,757,311
518,223,350,758,306
521,227,354,759,305
523,232,358,760,306
527,236,358,760,307
528,235,358,760,314
525,237,359,760,318
522,233,361,760,316
521,235,364,760,313
521,234,366,759,312
521,229,364,758,311
522,215,363,759,306
521,212,365,758,305
519,203,365,759,302
517,208,364,759,303
510,208,364,759,301
503,210,364,759,300
500,215,366,758,301
505,219,367,758,298
509,223,370,758,297
509,227,367,758,296
510,226,363,758,297
509,229,362,757,298
503,226,361,757,295
493,222,358,756,297
484,218,361,756,293
473,216,365,756,280
472,209,364,757,272
481,206,364,757,271
490,201,362,758,278
496,195,358,758,284
504,197,355,759,285
510,200,353,759,292
511,191,344,759,291
508,181,344,760,290
499,183,350,760,290
494,185,353,760,285
