F1,F2,F3,F4,F5
494,218,402,731,323
494,208,401,731,325
494,199,401,731,325
495,200,402,731,323
495,199,402,731,324
495,202,402,731,326
498,203,402,731,325
499,206,402,731,326
499,208,403,731,327
499,211,403,731,323
500,216,404,731,326
500,217,403,732,327
502,229,403,732,326
506,247,404,732,329
515,286,405,733,337
524,333,402,734,345
528,371,402,737,348
536,424,402,739,345
538,447,403,740,344
537,466,404,740,346
532,466,400,740,344
522,464,402,740,342
514,461,402,740,343
506,440,397,739,342
501,404,394,739,339
495,315,384,737,339
493,202,369,736,336
497,89,367,733,333
505,0,356,735,333
514,0,353,735,333
522,0,350,736,335
536,0,350,737,343
553,58,342,737,348
564,114,334,731,353
578,175,328,724,345
585,225,325,718,334
594,227,312,711,315
593,240,314,707,302
591,233,304,708,291
590,201,307,712,278
593,186,323,718,270
596,162,333,723,266
600,162,340,727,263
602,157,348,730,259
605,174,352,731,258
608,195,353,731,256
613,208,349,731,259
617,223,345,733,260
617,228,345,734,260
614,239,347,734,261
606,239,349,736,261
587,235,349,738,256
565,226,349,741,247
549,225,347,742,249
553,227,339,742,255
557,232,319,742,275
560,240,314,742,283
564,244,313,742,290
568,269,317,742,298
572,278,319,743,300
577,294,322,743,304
573,301,329,744,310
557,302,343,746,308
548,301,349,747,303
539,300,350,749,301
539,294,344,750,304
534,295,345,751,303
527,294,342,752,302
526,308,342,754,300
532,320,346,755,298
535,326,349,757,305
542,326,338,760,301
545,316,330,765,293
549,304,322,766,291
548,298,324,767,296
547,306,326,768,295
545,308,330,769,290
548,316,357,771,290
556,318,384,774,281
560,321,384,774,285
560,311,383,776,289
562,319,378,776,289
564,303,374,776,292
565,303,376,777,292
563,307,377,778,290
562,310,379,780,282
561,307,375,780,288
561,303,367,782,280
566,300,346,785,259
572,292,337,787,255
583,293,339,786,266
591,290,338,786,272
593,296,343,785,275
590,298,346,785,277
585,304,349,786,284
571,311,352,785,285
565,319,353,783,278
560,328,356,781,276
564,349,359,780,276
574,394,367,781,279
590,454,372,780,290
605,505,370,782,298
613,548,378,782,327
617,568,378,783,347
617,530,370,784,355
606,446,346,784,355
586,251,326,784,355
558,0,318,784,349
549,0,313,785,353
552,0,313,786,356
557,0,298,788,353
591,0,270,786,351
586,0,290,788,368
587,0,306,788,379
584,0,336,788,389
582,121,344,789,408
583,181,334,792,407
585,184,334,793,409
586,137,307,792,408
580,50,304,791,408
574,0,291,791,402
585,0,361,791,398
595,0,348,791,393
602,34,355,791,396
603,86,359,791,402
602,122,360,792,404
603,165,363,793,411
605,179,367,793,415
605,205,373,793,419
606,233,373,794,417
609,251,376,794,416
611,264,377,794,416
614,290,378,795,416
620,319,378,795,416
622,345,378,795,420
624,367,378,795,422
624,400,377,795,426
624,435,385,796,431
624,481,392,796,432
623,516,396,797,434
620,519,400,797,435
617,508,404,797,438
612,453,396,796,437
610,387,377,796,424
609,261,342,796,399
612,96,330,791,373
619,0,316,786,350
629,0,315,783,325
638,0,317,781,287
652,0,330,780,281
662,55,333,782,262
660,153,344,784,257
656,187,362,786,258
658,193,379,790,258
660,190,382,790,259
659,186,383,792,250
655,180,381,792,238
655,172,369,792,235
655,199,367,793,239
657,217,369,794,255
660,221,372,795,263
658,217,376,796,269
652,219,378,796,272
652,202,366,794,269
653,198,349,793,269
655,212,343,793,270
659,218,348,793,279
660,243,354,794,286
659,272,369,796,294
660,287,376,796,303
664,309,379,796,308
668,312,383,795,309
675,299,378,795,305
678,292,372,793,310
681,294,371,794,313
677,301,377,794,317
677,300,380,795,320
672,308,385,795,327
673,340,392,796,329
676,364,395,797,330
678,388,396,798,330
682,417,404,799,331
684,443,409,799,336
688,479,414,800,348
690,501,423,801,356
689,526,419,801,362
686,520,415,801,352
682,459,403,800,348
677,397,393,800,334
676,289,380,799,328
674,167,362,798,322
668,78,345,798,331
664,45,342,798,340
657,56,342,798,355
655,109,347,799,365
654,176,353,800,377
647,262,349,800,382
639,311,339,800,387
635,323,326,800,377
627,314,298,798,371
629,300,286,797,373
634,270,287,797,386
631,254,290,798,390
622,241,292,799,397
621,239,297,799,398
613,242,299,798,402
605,252,306,798,414
597,251,302,797,417
598,253,302,796,417
602,257,302,794,417
607,267,296,794,420
616,280,299,795,422
624,286,300,795,427
633,293,302,795,428
634,293,306,795,432
629,302,309,795,432
624,308,320,794,434
621,315,330,794,432
626,343,345,795,428
633,408,348,795,431
641,453,360,796,433
648,505,382,797,441
656,558,389,798,448
657,582,385,798,451
654,564,378,797,457
645,484,367,795,458
633,407,357,794,448
625,301,346,792,429
622,195,338,792,400
628,73,331,789,371
643,29,324,785,348
654,63,323,781,325
655,96,327,779,265
658,150,338,779,222
662,226,351,781,217
665,272,368,783,216
667,267,386,786,215
668,255,395,787,211
667,228,402,788,212
670,212,402,789,213
671,184,403,790,216
664,140,406,791,221
663,140,409,792,225
666,156,409,791,225
667,152,403,792,223
663,139,405,793,219
656,100,411,794,215
654,91,414,794,221
655,109,416,796,227
655,148,419,797,241
655,170,420,798,243
658,194,420,798,242
662,182,415,798,247
663,174,411,798,256
663,175,411,798,262
661,182,413,798,268
653,188,417,797,278
641,166,410,797,279
618,67,397,798,278
591,13,375,797,285
582,0,357,798,297
585,0,341,796,301
597,0,336,793,306
613,42,336,792,313
626,98,350,792,322
628,133,356,792,324
628,159,362,791,329
626,165,368,790,339
623,181,380,791,345
623,246,391,791,340
621,316,402,791,332
620,367,405,792,331
623,388,405,792,331
626,370,401,791,336
628,319,389,788,338
626,238,378,787,341
620,171,368,786,343
609,120,369,786,344
599,124,376,785,343
592,153,380,783,343
592,262,395,783,342
599,396,403,784,345
615,508,406,786,351
634,583,415,791,353
645,620,418,794,366
649,628,414,796,374
650,605,404,796,387
646,551,381,796,397
641,455,352,796,405
634,379,319,798,414
629,329,306,800,428
630,298,292,800,440
633,269,293,800,459
634,281,295,800,466
632,310,290,799,475
627,362,290,798,482
624,385,289,797,490
623,369,282,796,498
610,323,264,795,508
591,288,245,793,507
575,255,227,790,505
569,219,217,787,504
573,180,227,786,505
583,166,249,785,513
590,169,255,785,516
593,172,263,786,516
592,177,261,786,518
592,182,265,786,518
591,177,268,786,514
588,174,269,786,511
589,178,279,785,512
589,182,287,785,514
585,183,287,785,515
574,187,284,785,514
560,191,281,785,511
545,195,278,785,512
531,175,286,784,510
524,194,287,784,510
522,213,290,783,513
522,229,289,784,515
521,251,289,784,517
520,261,287,783,519
520,263,289,783,519
521,257,294,782,519
527,273,303,782,521
535,296,311,783,525
540,366,335,784,526
551,428,353,785,529
562,490,362,785,528
571,528,375,786,529
578,520,367,786,526
578,471,351,785,525
570,446,335,785,521
558,301,318,785,498
555,131,322,785,477
567,0,317,783,455
596,0,312,783,409
618,0,309,783,363
638,0,324,782,334
649,130,335,782,305
652,257,357,784,278
659,309,375,787,257
660,344,392,789,257
660,335,399,790,267
655,320,403,792,267
647,257,399,794,266
645,204,401,795,264
648,183,404,797,263
656,212,406,798,267
665,240,411,799,281
668,245,412,800,294
671,242,414,802,297
670,236,416,804,313
669,229,418,804,323
666,229,418,804,327
659,211,422,805,331
654,174,421,804,329
647,104,414,804,330
635,60,411,804,341
618,52,407,805,346
600,43,405,807,351
586,43,403,807,356
577,56,403,806,358
574,75,399,806,362
573,90,394,805,366
572,104,391,806,370
576,136,397,806,370
582,171,400,807,368
591,210,403,807,368
598,232,406,807,368
601,233,408,808,368
608,255,409,808,372
615,286,414,808,376
616,305,418,810,380
608,291,416,810,376
601,220,411,809,372
600,154,403,809,357
606,112,402,809,345
615,115,398,809,337
627,148,402,809,345
633,191,407,810,356
635,256,410,809,369
638,355,418,809,392
643,473,422,810,400
656,567,434,812,401
664,617,438,814,405
669,632,437,815,418
670,619,426,815,432
667,574,401,814,445
640,437,365,814,455
627,302,339,813,466
608,143,317,813,473
605,0,320,813,477
609,0,309,812,479
612,0,317,810,484
616,0,298,809,484
619,100,285,808,483
623,253,266,807,482
619,346,238,806,492
604,378,207,803,494
580,364,192,800,493
564,316,177,795,490
560,281,171,788,475
563,246,182,786,467
573,234,187,786,463
576,204,188,787,462
575,209,201,787,469
572,215,201,788,474
572,224,213,789,477
576,233,229,789,481
580,249,236,790,481
580,253,245,790,477
582,250,249,790,476
587,247,256,790,474
589,232,268,791,475
592,223,268,791,478
593,216,269,792,480
596,242,277,792,483
599,271,287,791,485
604,284,295,789,485
610,326,301,788,488
615,356,309,787,494
621,435,321,786,498
626,487,333,784,487
635,498,334,785,488
640,480,319,784,482
648,458,285,783,467
651,394,244,783,452
652,354,254,782,447
651,318,246,783,453
651,310,260,783,454
648,314,276,785,458
645,327,292,785,462
643,302,317,785,462
640,252,331,786,458
636,159,337,785,453
635,69,339,786,449
636,3,341,787,440
636,0,341,787,438
634,18,339,787,437
632,66,334,787,431
631,86,330,787,418
632,72,316,787,409
629,29,299,786,400
624,19,306,785,391
626,36,325,786,378
628,76,337,785,341
633,93,353,785,317
630,91,377,786,310
626,35,396,786,312
621,35,426,788,316
618,0,431,789,301
613,0,436,790,305
610,24,438,792,314
613,59,439,794,322
615,78,439,796,329
617,98,438,797,342
621,99,439,798,350
624,77,442,799,357
626,72,431,800,359
631,67,422,800,369
637,70,425,802,376
640,78,428,804,381
642,103,434,804,386
645,134,436,804,392
645,140,434,803,396
640,140,433,803,400
637,141,428,803,403
637,142,428,803,408
642,150,431,802,408
653,142,423,802,399
661,145,411,798,392
667,147,399,795,378
668,102,392,796,372
665,95,397,795,374
665,77,400,795,375
667,70,402,795,381
665,68,405,795,389
658,73,411,796,393
650,88,414,795,394
646,105,417,794,396
648,157,422,793,392
649,198,426,794,387
652,233,429,795,391
658,275,436,796,395
663,375,442,799,402
666,474,451,802,405
670,551,451,804,408
670,575,447,806,411
670,574,437,806,412
669,522,425,805,417
667,420,406,804,421
663,306,383,803,423
655,210,366,802,428
653,135,338,801,439
657,95,326,799,441
661,86,320,795,445
662,98,307,790,446
661,116,303,788,448
658,174,298,783,446
646,238,285,775,440
634,273,280,771,435
615,270,262,765,418
577,221,243,763,398
556,171,236,762,391
544,111,219,761,368
549,75,219,761,365
559,78,234,763,389
564,80,240,765,413
566,92,250,765,432
568,109,255,764,445
575,131,248,761,447
576,150,248,760,445
579,154,256,760,440
581,151,268,759,436
582,154,277,759,438
589,166,284,759,432
599,177,288,760,427
599,182,300,760,427
598,163,309,759,424
592,151,302,759,424
579,118,288,758,424
564,120,281,751,424
557,158,291,751,423
552,199,297,751,425
541,216,305,752,429
524,219,304,754,431
509,219,301,753,432
501,221,298,751,436
511,228,309,752,442
529,304,327,753,446
551,384,347,756,449
574,477,364,760,455
592,525,371,761,455
604,530,373,762,462
606,512,370,761,466
601,435,357,760,465
582,359,338,758,461
561,247,313,758,451
541,150,309,760,439
543,39,312,763,426
559,0,320,770,413
585,0,337,777,400
614,83,359,789,395
638,170,371,798,396
654,243,381,801,406
664,303,414,805,398
667,341,427,807,418
663,338,436,812,438
657,322,436,814,451
654,294,430,816,459
652,272,420,817,457
661,273,417,819,456
671,276,408,821,447
675,282,406,823,438
678,302,414,824,433
679,307,419,825,425
679,306,416,825,415
680,296,409,825,412
682,289,408,825,410
683,292,410,826,409
686,303,415,827,411
688,316,412,828,407
688,319,402,828,411
689,304,399,829,409
687,283,390,830,406
686,276,392,830,403
688,288,401,830,402
692,300,408,829,400
693,304,410,830,382
693,298,404,831,383
690,298,405,831,385
687,283,404,831,382
681,274,407,831,382
679,227,412,831,371
680,231,415,830,366
681,238,416,830,365
678,235,416,830,368
677,215,414,830,375
678,195,416,831,368
679,202,419,831,370
681,225,420,831,366
678,257,421,831,375
674,304,425,831,388
675,395,432,831,398
677,482,437,832,404
682,538,443,832,408
687,571,432,833,404
690,567,431,833,412
690,486,413,832,419
690,411,389,831,421
680,225,342,831,416
680,47,336,830,420
688,0,332,829,428
697,0,332,825,432
703,0,328,821,445
707,0,317,813,450
708,0,314,803,444
705,0,313,794,441
704,0,297,788,457
707,59,281,785,461
702,142,297,784,448
692,170,297,783,434
681,174,291,780,413
672,140,285,778,388
674,128,288,777,384
681,102,293,776,393
687,33,292,778,403
692,19,294,777,409
695,24,299,778,414
694,0,302,777,414
691,0,304,777,409
684,0,310,778,405
674,0,308,779,401
670,0,310,780,392
666,0,310,776,390
659,0,297,775,390
655,0,291,775,388
646,3,296,774,391
649,89,298,773,395
654,124,298,775,395
656,154,309,776,394
656,158,303,777,397
655,159,293,776,402
652,160,294,774,402
647,168,300,774,405
644,187,315,773,411
648,268,330,776,414
657,382,355,778,420
665,491,384,780,421
669,547,386,783,420
674,563,388,782,417
675,542,388,780,422
670,469,379,779,424
661,400,351,777,428
652,260,329,777,429
640,119,324,779,418
627,0,305,783,401
632,0,306,787,389
643,0,306,796,376
668,0,343,802,372
691,109,370,809,373
704,232,385,817,379
705,340,411,823,394
703,387,439,828,432
681,370,451,829,449
658,339,453,830,452
634,274,437,829,469
621,241,429,829,469
618,225,426,830,469
624,219,437,831,473
627,220,455,832,478
627,216,452,833,476
628,223,445,835,474
628,221,442,836,468
626,190,433,836,465
620,158,424,837,451
609,122,418,838,446
604,149,421,839,456
607,192,423,839,457
603,209,450,839,465
600,234,443,839,476
606,238,435,839,477
613,225,428,840,482
616,220,426,840,488
616,224,434,840,482
615,223,436,840,475
618,234,436,841,461
621,249,430,841,443
623,250,425,841,431
626,255,421,841,429
629,259,419,841,425
629,276,425,841,425
628,315,433,841,428
629,366,437,841,426
637,442,440,841,432
645,507,445,841,441
648,584,445,842,447
652,611,431,843,458
656,617,420,842,465
658,576,399,842,465
654,472,359,840,459
643,384,324,836,449
640,231,302,834,443
645,49,292,830,435
659,0,287,822,425
661,0,301,814,421
665,0,301,801,404
669,0,243,795,380
677,0,253,792,372
681,0,265,791,360
679,0,279,790,346
676,81,274,786,306
667,51,243,781,278
674,71,234,774,241
687,94,240,772,233
695,95,247,773,236
701,82,259,775,234
709,65,267,775,258
716,66,239,777,284
719,28,240,775,319
718,24,248,773,329
717,15,251,772,333
713,0,256,772,336
711,0,258,773,336
711,0,263,774,340
711,8,274,775,336
711,49,287,771,342
712,81,293,772,347
706,88,300,771,352
696,82,296,771,352
685,30,289,770,355
674,0,280,766,345
664,0,273,764,328
653,0,278,763,332
644,0,280,762,334
634,20,282,764,341
641,70,281,764,337
648,114,276,761,341
655,163,282,762,342
658,206,290,763,342
662,293,300,763,341
666,403,311,763,342
673,485,320,766,339
675,514,324,769,337
674,524,317,771,334
671,464,315,770,342
656,382,303,768,345
628,280,272,767,330
598,124,241,768,333
567,0,202,770,325
555,0,197,774,327
560,0,208,779,333
558,0,223,784,353
560,0,229,792,371
575,56,243,800,384
574,168,270,806,409
552,232,316,812,449
528,277,383,816,454
509,277,377,818,463
496,280,372,821,467
490,274,370,823,466
491,237,355,824,463
492,189,350,825,460
501,171,345,826,448
505,173,385,827,434
512,179,385,828,429
519,195,386,829,420
520,190,384,829,428
518,174,383,830,432
509,152,373,830,434
498,143,363,830,429
498,146,370,830,418
503,174,370,830,409
509,205,367,830,408
513,227,377,831,414
517,233,374,832,419
511,202,355,833,418
486,177,350,833,410
465,132,344,834,395
454,119,341,834,379
448,119,343,834,374
449,152,344,834,371
457,175,347,835,371
467,190,348,835,371
480,197,348,835,367
483,192,348,835,365
471,177,348,835,360
467,141,341,835,357
466,104,334,835,348
466,97,319,835,330
467,107,328,835,312
474,112,333,835,302
484,131,341,836,303
499,159,347,836,305
504,183,351,836,317
505,195,354,837,324
507,222,360,837,325
513,273,364,838,333
521,392,372,838,345
527,479,383,838,354
534,550,389,839,357
540,565,388,838,354
544,548,366,837,365
542,479,340,835,367
538,382,307,833,366
532,247,248,831,360
537,30,226,829,360
558,0,227,826,352
587,0,240,823,344
606,0,247,820,307
627,0,267,816,279
638,0,220,811,273
649,0,229,810,274
654,0,233,811,267
658,0,264,813,268
671,0,312,814,256
680,0,324,814,247
690,35,334,815,234
699,69,338,816,226
704,83,342,816,223
708,92,343,816,231
712,101,343,816,250
714,109,350,814,270
715,93,353,811,283
714,80,352,809,290
713,55,351,805,296
711,57,350,804,308
709,70,352,804,315
706,115,359,804,319
701,148,355,803,317
697,183,359,803,318
691,198,361,802,310
690,199,362,800,305
693,207,360,798,312
697,203,352,798,326
702,200,354,796,329
705,201,358,795,333
706,199,366,793,343
705,229,368,793,350
703,239,369,790,355
703,243,372,788,358
701,248,376,786,358
699,254,377,784,358
696,259,378,784,346
692,261,381,785,343
687,271,388,786,339
683,286,392,786,329
683,286,392,785,322
683,275,393,783,315
685,259,387,777,313
685,250,385,776,312
686,257,387,777,315
689,272,386,777,314
686,282,398,778,314
687,301,406,778,315
687,320,409,779,320
687,337,413,779,325
685,358,414,779,319
682,380,414,781,314
677,400,416,782,305
672,416,415,782,304
668,436,419,782,306
663,467,419,783,315
663,512,429,785,322
660,548,434,786,319
659,585,433,790,314
657,602,430,791,311
652,596,427,792,311
647,552,430,790,308
638,467,435,789,300
630,425,435,788,289
615,312,428,788,271
603,201,431,787,265
601,82,434,787,262
598,7,441,787,257
596,0,444,787,250
597,60,443,786,242
602,138,450,787,233
603,199,451,786,225
604,260,453,785,218
603,306,455,784,208
602,329,455,783,206
602,344,449,781,208
600,349,444,780,208
598,341,439,778,211
596,337,433,777,217
591,331,423,776,222
585,325,421,776,227
585,325,424,775,230
583,318,427,775,232
580,311,428,775,230
575,302,430,775,231
570,290,425,775,230
568,289,422,775,231
568,282,424,773,228
568,270,424,772,228
567,266,424,770,229
567,266,423,768,228
566,268,423,766,230
566,269,423,764,227
570,254,422,762,231
575,242,422,760,234
577,231,419,759,233
577,222,420,758,232
579,218,421,758,231
577,211,421,758,231
576,213,422,758,230
577,211,421,758,231
582,201,417,758,227
583,200,419,757,227
582,193,419,758,226
585,188,415,758,226
588,184,409,758,226
589,182,403,760,226
591,181,399,760,236
596,180,394,761,234
599,185,391,762,232
600,193,392,764,237
601,206,395,766,235
601,207,402,767,235
601,214,403,768,234
601,215,400,768,236
599,221,397,769,237
597,220,395,769,249
591,215,396,769,252
585,213,396,769,253
580,207,392,769,255
574,191,388,769,249
569,186,383,768,234
563,191,380,768,228
562,190,380,767,222
563,195,381,766,226
567,201,380,766,232
572,214,380,766,233
574,213,378,766,235
576,222,373,765,238
578,222,367,764,240
578,220,369,764,242
575,221,371,764,243
575,228,377,764,242
579,228,380,764,240
585,228,383,764,243
589,231,384,763,244
594,223,382,763,247
599,217,383,763,247
602,218,382,763,246
604,216,379,764,250
606,221,376,764,245
607,220,373,764,247
608,221,371,765,243
610,224,375,766,257
611,226,377,766,258
612,230,382,767,263
612,232,385,767,265
612,232,385,768,265
613,230,385,768,266
614,226,383,767,265
616,225,381,767,266
617,225,377,767,267
618,226,375,768,270
618,229,375,768,271
617,234,376,769,273
617,239,382,770,274
618,240,387,770,274
619,244,389,771,273
620,244,389,771,273
621,242,387,770,274
621,235,386,770,276
620,230,384,770,275
619,229,385,771,276
620,229,386,771,274
620,233,387,771,275
621,236,388,772,274
621,237,388,772,275
622,237,389,772,276
623,241,389,771,278
624,241,390,771,279
624,235,391,771,279
625,228,390,771,280
626,224,391,772,280
627,220,391,772,281
628,204,391,773,279
629,199,391,773,278
629,203,391,773,278
629,200,388,773,278
629,204,388,772,277
630,203,390,772,272
633,204,390,772,272
635,205,390,772,272
637,207,391,772,273
635,208,392,772,278
634,209,392,772,279
633,209,392,772,279
634,209,389,771,279
634,210,388,772,278
635,210,388,772,280
638,209,386,772,283
639,209,386,771,282
639,207,387,772,282
640,206,387,773,284
640,208,385,773,285
639,207,384,772,285
640,209,379,772,281
642,207,378,772,281
642,206,377,772,278
644,208,374,772,279
644,208,370,773,277
644,206,368,773,275
644,208,367,773,278
644,208,368,774,278
645,214,373,774,280
644,214,377,775,281
647,217,374,775,282
648,209,370,775,281
649,208,368,775,287
649,206,372,776,292
649,205,371,776,291
649,206,371,776,290
649,208,372,777,289
648,210,373,778,290
648,210,374,778,288
651,206,374,778,291
652,209,373,778,297
652,202,367,778,295
652,202,367,778,295
652,206,369,778,295
652,209,371,778,293
653,211,373,779,293
653,211,374,779,295
652,209,377,779,297
651,212,379,780,297
653,212,377,780,297
654,212,376,780,298
655,206,370,780,298
656,206,369,780,300
656,206,370,780,303
656,208,371,781,302
655,209,374,781,301
655,210,376,781,299
656,210,377,781,300
657,212,377,781,301
658,212,378,781,301
659,211,377,782,304
660,211,373,782,306
659,210,375,782,309
659,208,376,782,311
658,208,379,782,312
658,204,379,781,313
659,193,378,781,312
659,164,376,781,303
659,172,373,781,301
