F1,F2,F3,F4,F5
550,182,464,767,146
550,184,464,768,147
550,182,464,768,147
551,181,463,768,148
554,184,463,768,148
556,186,464,769,146
557,188,464,769,145
558,186,465,769,144
559,190,466,770,145
560,195,466,770,149
563,208,466,770,151
566,212,464,770,151
568,220,466,771,151
570,223,467,771,152
573,237,468,771,154
580,309,465,772,160
593,386,466,773,151
604,451,470,775,146
612,492,476,776,140
623,514,473,777,138
626,533,465,778,129
629,505,450,779,127
624,427,446,778,128
615,357,426,777,117
611,211,423,776,108
613,42,425,777,123
628,0,430,778,153
641,0,433,778,170
655,39,436,778,190
663,142,433,778,201
673,214,425,778,203
677,300,417,778,204
680,346,415,777,209
682,354,416,778,210
682,328,421,776,204
679,273,420,775,200
674,243,417,773,197
670,215,404,770,190
661,191,389,767,175
654,174,394,766,159
650,160,396,766,139
647,144,390,763,114
647,139,382,758,107
643,134,383,755,101
641,144,388,752,99
647,158,404,753,94
655,165,407,752,96
659,161,404,749,89
660,157,405,750,82
658,159,405,750,66
656,160,405,753,68
656,152,410,754,71
658,155,412,756,79
659,155,413,758,83
653,164,415,762,63
641,172,418,763,59
639,167,420,763,60
635,149,420,762,68
632,127,420,761,80
633,79,420,758,74
643,95,423,757,77
657,102,425,757,72
666,121,423,756,69
672,147,426,757,64
679,172,426,759,38
681,188,423,760,39
682,194,417,756,37
681,186,389,750,23
677,174,365,740,0
678,173,351,722,0
680,175,359,723,0
680,176,366,722,0
677,176,372,723,0
675,174,377,722,0
669,164,388,724,0
665,171,399,728,0
661,177,410,732,0
657,195,420,733,5
655,215,425,734,31
652,230,433,734,41
649,223,435,735,49
651,243,435,735,52
659,243,433,735,52
673,253,435,735,52
680,297,440,735,53
684,394,443,736,55
689,449,453,737,54
694,506,460,741,48
698,519,458,743,41
700,482,454,743,41
697,394,452,743,5
680,246,435,745,1
661,0,391,746,0
647,0,382,747,0
638,0,366,750,32
637,0,354,753,56
644,0,345,754,67
657,0,312,757,72
657,0,331,761,73
639,0,332,764,79
622,0,331,766,78
608,72,329,768,79
594,137,352,774,76
589,200,335,780,95
582,188,335,782,105
572,153,327,782,115
564,100,322,783,113
561,70,323,784,104
566,18,325,784,92
574,73,329,785,93
575,88,329,784,91
572,86,321,784,97
568,69,318,783,109
563,69,316,782,120
560,89,319,782,130
555,113,324,782,135
549,129,328,783,134
543,146,333,783,136
542,164,335,784,134
527,153,335,785,130
515,140,334,785,131
507,130,331,786,134
505,143,331,786,138
506,154,329,787,138
503,175,328,788,129
504,182,326,788,124
501,187,313,789,126
494,185,306,789,130
479,186,301,790,128
480,182,296,792,136
479,174,293,793,137
483,174,298,793,126
488,182,302,793,121
495,183,306,792,120
498,203,312,793,121
500,228,312,793,121
502,242,311,793,131
490,224,310,793,135
476,215,313,794,141
476,215,316,794,146
484,221,324,794,141
496,235,331,795,131
526,317,351,795,141
558,422,416,795,150
582,502,432,797,140
601,539,437,799,137
608,548,423,800,142
610,509,403,799,139
605,438,376,799,138
598,296,343,797,131
593,178,315,797,120
596,20,311,795,112
605,0,312,791,97
620,0,293,784,88
631,23,272,780,84
647,126,262,774,73
662,200,255,771,70
670,255,259,775,72
677,257,268,780,73
688,278,304,784,76
694,268,327,788,76
697,258,270,790,90
701,244,311,792,99
702,207,322,794,106
698,190,337,795,111
688,153,286,794,114
684,98,305,794,121
678,90,310,794,113
670,86,312,795,110
673,62,304,795,111
680,69,301,795,106
683,79,307,795,92
685,42,301,795,100
683,20,297,795,107
674,0,293,797,107
666,0,292,799,107
667,0,295,800,103
668,32,299,799,82
669,78,289,799,78
673,121,290,799,76
671,138,300,799,71
673,160,306,799,77
670,158,311,799,81
662,130,311,801,82
656,86,318,801,81
656,64,318,802,81
658,66,318,802,78
661,97,324,802,79
668,138,330,802,84
680,211,342,802,97
691,324,353,802,100
701,426,360,804,89
705,485,371,805,65
703,497,372,806,63
701,465,370,806,66
700,418,363,805,61
699,237,363,802,49
698,8,362,800,55
694,0,337,798,75
692,0,328,798,100
684,0,306,799,144
679,0,308,800,157
671,0,313,801,166
664,67,308,801,167
653,189,311,803,178
646,259,295,803,188
638,299,270,800,165
635,275,232,797,173
634,244,207,794,175
635,159,167,793,179
625,95,141,791,179
615,75,164,790,179
618,90,183,790,182
621,142,208,791,201
616,201,211,793,220
613,219,216,794,226
607,221,226,794,235
602,220,241,795,240
602,221,265,796,237
606,218,336,796,232
608,219,337,797,222
601,207,341,798,200
585,183,342,799,193
579,175,338,799,192
577,167,331,800,193
580,178,329,800,193
590,194,335,800,191
603,218,339,801,198
611,233,348,802,198
616,233,349,802,209
617,214,348,803,224
614,187,338,803,236
609,178,321,803,245
604,175,315,803,249
592,176,310,802,246
581,190,309,802,247
570,204,300,799,248
560,217,292,796,250
546,231,290,794,246
526,229,287,792,244
513,233,291,791,240
513,258,298,789,236
522,323,311,788,238
531,415,329,788,235
549,488,345,788,235
570,537,354,789,240
581,551,356,789,241
585,537,354,788,242
588,455,337,785,244
582,309,327,784,243
573,172,319,782,229
569,0,321,779,200
577,0,327,776,174
596,0,329,770,138
611,0,302,766,105
623,0,297,758,84
630,0,325,759,79
645,87,359,759,70
650,210,371,762,68
657,259,394,768,71
665,274,405,774,74
669,251,412,779,65
673,239,409,782,64
669,195,407,785,80
657,162,404,788,83
649,116,403,790,111
643,59,400,789,101
644,15,392,789,94
648,15,390,790,89
651,19,392,790,81
653,32,393,791,72
655,51,393,793,72
648,51,400,794,71
646,34,401,796,78
646,30,412,797,85
648,34,418,798,89
653,52,419,798,77
661,81,418,796,66
668,119,405,795,54
671,134,395,794,51
670,143,397,794,49
669,144,403,794,44
667,171,414,795,45
670,193,418,795,41
672,196,416,790,33
673,209,411,788,28
673,209,401,789,7
672,190,403,787,21
673,190,405,787,38
675,194,408,787,43
676,194,411,788,44
673,198,415,790,38
663,214,422,792,31
656,251,431,793,31
651,343,438,793,44
653,408,449,793,58
653,481,459,794,61
654,503,461,795,65
656,479,448,795,64
660,400,437,795,65
662,252,424,794,56
663,0,399,795,53
664,0,378,795,55
667,0,369,796,63
669,0,361,796,80
666,0,361,798,101
665,0,353,798,155
663,0,341,795,162
653,0,319,788,168
626,0,266,776,138
600,37,217,762,128
576,112,164,755,114
547,135,154,750,119
535,142,160,750,125
530,144,171,752,130
536,124,178,751,134
542,98,198,751,126
542,85,212,751,139
541,97,222,752,155
542,105,232,753,174
546,100,237,754,178
551,114,240,755,170
554,130,241,755,171
551,130,249,755,158
534,123,253,756,163
508,106,252,757,170
504,109,257,756,177
510,115,257,756,179
524,142,258,755,177
543,147,255,752,180
556,148,254,750,220
562,147,255,750,241
567,156,255,749,246
569,161,256,749,241
569,170,263,749,236
571,171,257,745,238
572,174,254,739,245
567,176,252,736,247
560,180,248,733,255
547,197,252,733,251
523,209,261,730,246
500,232,275,723,254
489,264,297,723,262
496,319,311,723,270
508,427,327,724,280
522,500,340,728,282
533,535,348,728,280
538,547,347,728,287
539,529,343,725,294
535,454,324,719,290
527,306,320,714,273
504,180,311,712,229
499,0,319,710,156
516,0,326,709,120
550,0,320,712,90
578,0,333,712,85
605,108,371,721,76
626,235,399,736,75
643,312,422,754,78
656,367,447,762,79
663,369,455,764,98
664,356,463,765,110
659,345,457,767,117
647,326,456,771,131
630,290,453,774,150
621,265,436,775,154
622,229,372,777,156
626,194,388,779,147
628,156,388,782,145
637,145,378,783,144
644,150,375,784,139
651,159,380,786,134
653,173,390,788,131
653,187,400,790,131
654,179,406,792,132
654,159,411,792,134
654,159,411,792,136
658,160,410,792,129
662,162,405,792,129
661,155,401,794,117
653,162,405,797,115
650,163,408,798,112
648,166,410,800,115
649,164,412,801,117
652,160,411,801,126
652,145,410,803,132
655,139,407,805,132
658,169,412,806,129
661,197,415,808,134
663,211,420,809,141
665,211,414,810,140
663,210,412,810,134
662,208,410,811,137
662,185,411,811,135
665,170,412,812,136
668,156,405,813,129
667,161,402,814,128
669,172,407,814,121
671,200,413,815,131
672,218,424,815,131
674,246,427,815,136
675,275,428,814,139
676,287,428,812,138
676,314,429,810,139
678,351,429,810,143
679,396,430,810,152
681,455,436,811,154
682,512,441,812,155
683,528,440,812,155
682,547,436,812,159
681,521,428,811,162
678,443,408,809,166
676,355,377,806,167
670,207,362,804,166
666,0,357,802,165
665,0,343,798,162
670,0,331,794,159
673,0,318,792,160
675,0,298,786,159
676,0,285,780,164
670,0,255,770,160
662,100,233,756,149
639,204,193,743,135
607,216,163,731,134
590,177,130,710,125
578,187,129,693,126
578,190,112,684,124
584,189,117,676,126
588,202,143,680,147
594,210,172,681,169
599,209,182,682,189
604,206,194,684,197
605,212,206,687,210
607,223,219,689,214
611,231,234,693,217
616,244,258,694,218
619,249,263,695,212
618,251,269,696,212
614,251,273,698,202
610,250,274,698,202
609,249,272,698,215
609,249,270,699,216
609,257,273,702,217
615,261,271,706,224
620,272,276,709,218
623,313,281,711,216
622,334,290,712,225
621,331,285,714,232
620,288,280,714,236
619,250,273,713,251
616,223,265,713,264
609,191,267,715,269
594,187,271,716,303
588,185,271,716,316
583,181,273,713,318
584,196,269,712,325
588,216,268,711,326
593,254,269,709,330
599,300,271,709,329
603,381,283,710,341
609,443,300,710,352
610,496,312,710,360
606,532,318,710,367
609,539,308,710,361
608,495,308,707,361
603,383,289,703,344
589,223,293,701,324
573,0,299,699,290
553,0,319,698,240
560,0,332,697,190
578,0,343,697,137
599,0,357,701,80
618,0,376,706,78
640,36,388,721,71
648,182,410,741,69
657,263,432,755,70
658,312,446,763,81
659,313,462,769,94
666,305,470,775,115
670,298,465,779,132
669,284,457,781,150
663,283,456,782,158
653,287,456,784,163
651,286,453,785,166
652,294,447,787,169
655,289,444,790,168
659,283,444,791,174
666,279,437,793,174
671,276,436,794,171
674,283,440,795,170
675,285,440,796,168
675,281,440,797,169
675,262,436,798,171
672,232,435,799,168
668,215,440,799,176
664,212,434,800,175
661,219,431,799,172
661,229,432,798,177
655,225,434,798,180
642,173,422,799,180
624,135,409,800,184
601,94,408,800,191
590,87,404,800,194
594,120,406,800,196
592,147,399,800,215
592,162,403,800,236
592,179,402,801,240
591,173,398,802,242
591,168,397,802,238
588,173,394,802,218
584,176,390,801,198
585,181,389,801,195
594,191,395,802,197
598,198,400,801,207
600,210,409,802,210
600,242,414,803,223
602,259,420,802,235
605,302,428,801,249
607,346,442,801,254
608,372,445,802,253
606,376,437,802,246
603,382,430,802,248
596,380,423,802,246
599,389,430,802,239
605,430,444,801,225
616,503,450,801,212
629,532,453,800,233
636,554,440,800,252
638,541,418,798,274
636,466,388,795,284
622,350,374,793,286
619,195,358,791,282
620,0,364,788,282
624,0,348,784,280
633,0,339,779,275
637,0,332,771,271
641,0,320,757,268
643,0,303,744,266
635,92,287,728,259
625,155,250,712,234
610,155,224,699,218
592,108,198,685,182
573,22,200,675,146
548,0,200,677,147
536,0,159,672,156
545,0,110,675,132
564,0,97,676,103
575,77,103,676,124
583,165,80,676,143
589,190,81,675,156
592,205,91,675,158
591,203,111,675,167
588,199,140,675,167
588,199,175,676,171
594,201,207,679,175
601,221,225,683,177
600,231,238,688,176
593,230,249,691,167
591,234,256,691,159
589,237,261,691,154
586,246,270,692,152
587,264,275,694,152
586,259,277,695,154
587,258,276,694,155
591,250,271,692,159
597,245,267,687,164
599,250,267,687,177
602,263,274,689,180
605,312,277,691,192
606,414,288,695,186
607,490,317,698,188
607,532,333,699,190
609,549,332,698,189
615,530,319,697,193
614,463,318,689,201
604,288,292,685,205
591,109,278,684,189
563,0,278,683,165
541,0,279,687,141
546,0,281,691,115
567,0,288,697,72
581,0,290,704,11
595,0,307,713,1
608,92,344,726,3
618,223,362,743,4
633,288,391,757,34
638,303,409,767,56
642,291,422,773,66
650,265,424,777,67
655,243,414,783,77
662,239,411,785,141
660,227,404,787,177
660,228,399,788,175
658,226,402,788,153
658,238,411,787,150
656,247,420,791,143
655,243,432,792,142
657,234,437,794,141
659,235,427,795,128
662,229,416,795,123
661,227,404,797,126
656,228,402,798,134
649,226,408,800,142
646,218,415,801,155
645,209,420,802,167
647,214,403,803,189
645,223,389,804,203
641,221,387,804,213
637,214,390,804,219
630,203,394,805,221
617,179,395,806,226
607,162,397,808,231
600,148,400,810,232
604,165,401,811,236
605,183,400,814,233
604,222,397,814,229
604,251,405,815,236
605,252,404,816,240
605,256,403,817,241
606,238,398,818,240
606,223,398,818,235
608,227,392,820,229
607,221,387,820,224
606,233,378,823,214
606,242,382,824,212
605,249,384,825,207
607,249,389,824,206
611,250,394,824,208
614,250,394,824,210
622,261,394,824,214
632,299,392,823,229
634,372,396,824,249
632,444,406,825,266
633,512,409,826,272
636,540,406,826,278
641,513,401,825,277
643,433,391,823,283
644,334,380,821,283
641,223,351,819,282
641,108,344,818,281
645,27,335,816,284
655,27,338,812,281
669,74,337,809,279
683,120,327,804,268
692,159,329,797,256
696,209,322,788,255
701,277,309,779,237
703,302,296,765,221
699,304,274,752,204
692,291,259,743,191
677,264,247,737,152
656,247,234,733,104
645,230,222,731,81
647,210,212,729,78
650,187,186,721,71
653,182,179,715,59
655,178,181,715,29
658,191,182,715,32
659,201,181,712,53
659,199,187,712,95
657,200,197,709,107
656,203,209,703,109
653,187,219,702,122
653,171,227,701,106
654,162,228,698,116
658,155,231,694,123
658,152,231,690,124
659,151,233,690,126
660,148,241,691,128
661,154,250,694,130
663,156,253,697,132
659,156,258,702,130
655,159,264,703,129
658,162,269,703,122
670,222,268,702,125
682,232,268,701,120
693,236,266,690,143
702,243,266,684,184
705,246,264,677,202
709,246,272,678,219
714,240,278,683,224
714,233,288,692,226
714,217,292,695,199
712,221,296,699,174
712,221,298,700,140
709,221,302,701,79
706,227,309,702,30
704,227,317,702,0
702,227,329,703,0
703,217,342,707,0
703,218,353,712,0
705,212,357,714,0
705,216,356,717,0
703,220,358,722,0
701,224,364,728,0
701,239,367,734,0
702,246,370,736,0
704,248,365,738,0
705,247,364,738,0
706,250,367,738,0
707,263,374,739,0
709,336,388,742,0
709,438,398,746,0
710,484,404,749,0
708,500,400,750,0
710,474,394,752,0
708,388,377,752,0
700,286,375,752,0
691,68,369,750,0
684,0,384,749,0
672,0,386,752,0
663,0,393,757,0
663,0,401,762,0
657,0,403,766,0
654,32,404,771,0
652,126,406,776,0
653,206,410,782,0
653,264,418,790,0
659,291,439,798,0
664,304,448,803,10
665,310,458,806,63
659,313,476,807,71
654,300,481,808,94
637,280,484,808,119
623,254,477,809,125
615,229,463,809,135
606,223,456,809,141
596,221,446,808,144
592,219,435,807,151
591,219,427,805,148
595,225,416,804,148
600,228,414,803,140
604,227,405,804,143
612,226,402,804,149
617,225,400,805,160
618,231,410,806,158
616,239,416,808,154
617,253,422,808,153
616,259,427,808,155
618,264,427,808,156
615,258,425,808,159
612,253,423,808,160
602,246,421,810,163
593,239,421,810,164
586,228,410,810,164
585,220,403,811,165
583,223,401,812,167
583,233,404,813,174
583,244,400,813,182
582,247,395,814,187
582,222,388,814,189
581,216,382,814,184
583,214,378,815,185
588,221,380,816,184
591,227,384,817,193
594,241,388,817,195
596,275,391,819,193
597,298,393,819,196
595,304,392,819,202
594,295,384,819,203
598,287,373,818,196
604,290,368,818,191
610,305,370,819,193
612,331,375,820,195
614,338,381,820,196
616,356,385,820,203
616,396,391,819,216
615,440,394,819,219
612,503,399,819,218
610,520,392,819,220
613,510,381,818,222
616,454,352,815,228
619,373,326,811,227
623,255,289,809,223
629,176,280,804,218
639,78,271,798,205
659,52,270,790,184
673,25,277,783,157
687,33,276,776,96
697,48,270,766,88
697,117,272,753,82
694,161,265,736,52
684,206,251,725,32
666,203,248,720,0
658,201,247,717,0
664,206,259,716,0
673,207,271,716,0
678,210,275,720,0
680,207,279,722,0
680,206,281,722,0
679,208,283,721,0
676,207,281,721,0
674,203,283,722,0
669,202,288,722,0
662,196,292,723,0
655,202,293,723,0
647,191,296,723,0
647,187,295,721,0
649,186,296,722,0
654,183,292,722,0
659,175,292,720,1
662,175,294,719,2
665,164,295,717,2
668,170,297,713,2
678,183,296,707,3
685,193,298,702,0
686,204,303,691,0
687,208,296,688,0
689,190,291,686,0
688,193,297,686,0
688,185,300,689,0
688,175,303,691,0
684,168,306,691,0
678,162,305,693,0
665,163,307,694,0
650,180,312,700,0
649,198,322,704,0
654,212,302,704,3
662,216,253,701,5
671,223,253,701,6
675,226,250,701,7
677,227,248,701,10
677,233,255,701,8
674,256,269,704,9
667,309,291,709,32
662,411,330,714,22
661,456,356,718,18
659,490,368,720,15
660,510,361,724,5
663,485,347,724,8
663,410,308,720,8
656,300,293,717,5
642,138,289,717,1
620,0,299,718,0
609,0,302,721,0
602,0,303,725,0
603,0,308,731,4
606,0,308,737,10
608,87,306,745,30
610,166,322,752,38
619,241,345,764,39
623,294,354,774,43
625,327,373,782,56
632,352,390,785,72
636,368,393,790,84
627,373,400,795,107
608,375,407,799,141
592,367,404,800,161
576,350,396,801,164
562,344,400,802,168
561,339,424,803,166
560,335,416,805,182
562,342,411,806,188
562,337,402,807,190
566,339,404,808,192
572,334,396,808,194
579,326,397,808,191
581,320,398,807,187
575,326,406,808,189
562,327,410,809,188
559,325,411,810,188
555,324,411,810,189
553,328,411,810,185
552,333,410,810,183
550,336,411,811,187
542,328,407,811,192
527,293,396,812,198
504,246,383,812,197
499,219,372,813,198
507,224,366,813,199
517,237,365,812,203
528,249,367,813,202
537,257,366,813,202
539,261,361,813,204
540,266,353,812,205
543,271,355,812,207
550,298,360,812,211
556,326,363,812,213
562,344,370,811,218
574,401,379,811,223
583,450,391,810,223
592,496,399,810,226
598,525,393,810,225
600,515,382,810,225
598,449,353,808,240
591,343,324,805,237
584,220,297,803,230
584,48,294,799,215
595,0,286,793,195
609,0,281,786,162
628,0,266,776,95
645,0,271,764,73
655,0,278,749,22
662,0,279,737,0
657,0,274,723,0
654,58,256,712,0
649,76,252,701,0
635,95,266,688,0
626,126,286,685,0
620,128,217,690,0
621,86,246,696,0
621,74,257,702,1
625,23,270,707,0
632,0,271,706,0
638,0,270,706,0
639,0,273,707,0
637,0,278,711,0
626,0,281,714,0
622,1,285,717,0
621,58,289,717,0
623,75,298,717,0
627,74,294,714,0
633,76,297,712,0
638,77,297,714,0
639,75,300,714,0
639,85,302,714,0
639,91,302,713,0
639,98,294,707,0
639,93,283,696,0
640,94,285,691,0
646,107,288,688,0
647,132,293,687,0
648,145,295,685,0
648,148,296,686,0
646,171,297,684,0
646,185,299,683,0
648,198,310,681,9
649,214,325,682,9
650,232,342,683,18
650,242,355,684,0
651,254,366,684,0
652,265,372,684,0
650,266,370,680,0
647,293,371,681,1
635,313,372,684,2
624,330,381,689,2
616,367,394,690,10
610,410,399,691,18
595,440,408,692,23
581,455,408,693,32
567,460,407,692,38
559,420,407,691,44
554,314,396,690,24
548,139,363,691,19
528,0,341,690,1
515,0,348,690,0
513,0,357,692,0
514,0,364,693,0
520,0,374,696,0
525,0,377,698,0
532,0,382,699,0
534,0,383,700,1
535,0,383,702,0
533,78,384,703,0
530,109,387,704,0
526,124,386,705,19
515,128,386,704,32
501,120,385,703,42
489,110,386,702,59
488,115,388,703,61
483,126,391,703,57
477,137,391,702,67
477,139,388,702,67
476,138,385,703,62
477,144,384,703,63
480,151,384,704,63
484,149,385,703,60
489,153,387,704,57
491,156,388,705,59
491,155,388,705,61
490,158,388,706,61
488,160,390,708,54
487,161,390,708,54
489,158,390,709,57
488,155,388,709,56
492,153,388,710,57
495,154,385,710,53
497,154,386,710,57
497,149,385,711,55
500,149,387,711,54
500,154,391,711,49
498,157,394,711,45
503,159,396,711,49
508,160,394,710,47
510,161,393,710,50
512,160,391,710,47
508,147,388,710,47
498,141,388,710,49
491,142,388,710,49
487,144,391,709,48
487,156,394,710,48
487,160,392,709,49
490,147,393,709,48
493,141,394,708,45
492,136,393,707,46
490,130,392,706,45
492,123,387,706,44
492,118,384,705,35
495,120,386,707,30
497,113,391,709,29
498,111,395,710,28
500,99,395,710,29
502,96,393,709,30
504,97,392,709,31
502,96,390,709,38
501,94,387,709,38
502,94,386,709,38
