F1,F2,F3,F4,F5
87,97,414,669,0
89,95,414,669,0
88,96,415,668,0
86,99,414,667,0
87,98,410,664,0
90,99,409,660,0
91,99,408,658,0
91,102,407,658,0
91,101,407,658,0
89,101,407,658,0
86,102,409,660,0
87,103,411,662,0
80,113,414,664,0
77,118,416,663,0
76,126,415,665,0
77,128,415,664,0
78,124,415,665,0
81,117,416,665,0
82,121,415,664,0
82,124,416,664,0
79,134,416,665,0
81,137,417,666,0
83,144,417,667,0
81,173,418,667,0
80,190,417,667,0
77,220,415,667,0
77,274,420,666,0
78,334,420,668,0
76,377,421,671,0
82,398,410,671,0
82,406,402,672,0
82,386,379,672,0
74,331,373,670,0
74,275,360,666,0
73,210,362,665,0
73,166,378,666,0
71,147,396,669,0
77,129,407,670,0
79,127,413,671,0
79,148,415,671,0
76,170,417,669,0
78,215,417,667,0
80,242,416,666,0
83,250,403,664,0
85,240,385,661,0
85,234,377,657,0
81,224,376,658,0
79,207,376,660,0
78,191,373,660,0
78,181,373,661,0
107,164,372,661,0
157,155,371,666,0
215,157,374,669,0
266,140,379,673,0
298,133,390,675,0
328,94,397,679,0
358,75,398,678,0
366,64,400,678,0
366,91,404,678,0
360,94,406,680,0
354,116,405,684,0
357,133,401,688,0
360,154,390,690,0
363,170,386,691,0
368,187,388,694,0
368,207,395,699,0
364,230,403,702,0
362,242,410,707,0
370,245,412,710,0
379,241,415,709,0
385,236,414,709,0
389,220,412,708,0
380,208,408,707,0
373,204,407,702,0
366,215,408,703,0
358,230,411,704,0
337,246,411,706,0
314,250,410,707,0
283,247,403,711,0
239,242,399,712,0
195,247,401,713,0
171,250,410,712,0
166,256,416,712,0
176,264,414,711,0
205,269,414,710,0
229,266,409,708,0
231,268,410,707,0
199,270,412,708,0
193,267,415,708,0
183,283,417,708,0
180,297,416,709,0
181,328,416,710,0
179,353,418,713,0
178,391,418,713,0
179,437,422,713,0
186,492,423,712,0
168,499,410,711,0
150,446,390,708,0
135,347,368,706,0
124,215,372,701,0
120,57,392,701,0
118,0,408,705,0
116,0,418,708,0
117,0,423,711,0
111,0,425,715,0
89,0,425,721,0
87,55,420,731,0
100,179,412,741,0
159,295,398,745,0
198,331,416,747,0
228,331,418,745,0
246,286,419,740,0
225,217,415,738,0
218,164,415,734,0
221,88,413,733,0
209,67,408,733,0
209,62,400,734,0
205,67,389,734,0
212,70,388,733,0
221,97,386,733,0
228,108,383,733,0
244,129,386,733,0
244,154,389,733,0
245,186,388,731,0
245,219,387,728,0
248,249,387,725,0
256,262,387,724,0
246,265,386,725,0
233,263,388,729,0
231,256,384,734,0
243,246,388,738,0
263,230,381,736,0
284,234,386,731,0
307,248,385,728,0
316,262,385,724,0
337,274,384,719,0
351,280,380,716,0
360,285,381,715,0
367,293,381,716,0
370,296,383,716,0
364,298,381,716,0
367,300,381,717,0
370,303,384,718,0
371,303,386,719,0
376,309,382,720,0
381,314,382,721,0
384,320,382,722,0
378,320,388,726,0
356,320,388,729,0
346,318,392,731,0
344,307,389,733,0
343,302,389,733,0
339,297,387,734,0
330,293,384,734,0
329,299,382,734,0
312,307,386,734,0
313,308,388,733,0
313,310,388,732,0
308,313,386,732,0
305,309,385,733,0
292,296,379,735,0
288,271,377,736,0
282,268,380,737,0
289,266,386,738,0
290,277,388,738,0
298,289,388,738,0
298,297,387,739,0
301,300,385,739,0
295,301,387,741,0
280,297,389,742,0
267,287,389,745,0
273,268,389,746,0
280,265,390,745,0
284,261,391,748,0
287,270,393,748,0
288,288,392,748,0
287,296,392,747,0
296,310,392,745,0
297,329,392,743,0
301,343,391,740,0
297,372,389,738,0
294,400,396,737,0
289,431,403,736,0
289,462,405,738,0
289,484,408,740,0
288,519,407,737,0
284,524,394,734,0
282,482,381,732,0
274,398,374,730,0
267,322,376,730,0
258,234,376,730,0
257,145,377,731,0
246,33,383,730,0
258,0,386,728,0
257,0,387,724,0
272,0,385,718,0
287,86,386,714,0
304,157,391,714,0
321,265,402,715,0
294,292,413,713,0
271,275,408,711,0
245,220,403,710,0
254,179,403,709,0
258,168,392,703,0
251,167,391,696,0
249,177,392,689,0
225,177,395,688,0
213,196,393,689,0
224,202,395,697,0
244,226,400,704,0
257,242,403,709,0
258,246,402,710,0
258,258,404,714,0
245,269,408,717,0
242,279,409,720,0
237,272,411,722,0
225,252,410,723,0
185,241,410,727,0
178,219,408,729,0
189,206,407,731,0
192,165,403,729,0
186,171,401,733,0
186,176,403,733,0
194,179,405,733,0
199,197,411,738,0
233,206,411,741,0
261,220,408,743,0
286,219,402,744,0
304,203,386,740,0
306,191,366,739,0
311,157,359,736,0
314,146,359,735,0
315,140,364,737,0
315,147,372,742,0
316,144,374,744,0
318,142,371,745,0
321,149,374,745,0
320,165,378,743,0
319,180,381,743,0
319,183,382,743,0
321,186,385,744,0
325,183,386,745,0
327,164,385,747,0
326,132,375,746,0
323,123,370,745,0
324,128,370,744,0
332,148,371,745,0
345,179,377,745,0
361,200,378,746,0
370,213,387,748,0
376,203,387,750,0
377,189,379,752,0
377,179,373,751,0
376,165,373,749,0
379,169,378,745,0
383,167,377,742,0
385,164,374,742,0
387,164,376,741,0
386,162,373,740,0
378,155,374,738,0
367,145,377,735,0
354,143,373,732,0
346,149,378,730,0
344,162,384,729,0
344,164,388,729,0
346,166,391,730,0
351,168,389,731,0
363,165,382,732,0
366,158,380,733,0
352,146,379,732,0
346,136,381,731,0
343,148,384,731,0
342,170,387,732,0
360,171,389,735,0
374,168,391,737,0
380,170,391,739,0
384,170,391,739,0
379,173,392,740,0
370,156,392,739,0
359,147,392,737,0
361,146,390,735,0
374,152,391,735,0
376,156,392,736,0
377,154,391,736,0
375,155,392,736,0
372,156,393,737,0
366,159,395,737,0
367,163,394,738,0
371,194,395,738,0
376,230,395,738,0
372,299,396,739,0
354,357,396,742,0
342,408,398,745,0
327,425,396,744,0
318,387,385,744,0
312,290,349,743,0
297,149,311,742,0
284,20,314,741,0
274,0,319,741,0
267,0,321,741,0
245,0,327,742,0
242,0,341,745,0
233,0,343,751,0
207,0,355,757,0
194,0,370,760,0
207,72,372,761,0
193,154,380,761,0
208,178,387,759,0
248,181,386,759,0
274,173,372,759,0
289,169,368,759,0
291,176,363,760,0
301,177,363,760,0
311,197,365,758,0
321,198,364,755,0
310,196,359,752,0
329,209,356,749,0
360,218,355,746,0
381,234,354,741,0
399,238,355,738,0
403,245,356,736,0
407,247,353,734,0
416,240,354,733,0
420,246,352,732,0
419,248,354,731,0
424,251,357,731,0
420,261,354,730,0
415,260,353,729,0
406,256,350,728,0
400,259,348,726,0
403,265,347,725,0
408,271,346,724,0
413,270,341,721,0
420,264,336,716,0
421,255,332,711,0
419,262,330,711,0
420,273,335,710,0
420,284,336,708,0
415,296,342,712,0
404,306,340,714,0
399,305,336,712,0
402,301,340,705,0
410,304,344,700,0
421,316,346,696,0
431,326,344,695,0
435,332,342,698,0
446,325,341,703,0
459,313,341,707,0
469,319,338,710,0
475,336,339,713,0
479,377,342,713,0
480,414,350,715,0
469,441,349,715,0
453,499,348,716,0
447,526,348,715,0
428,539,347,713,0
408,530,336,709,0
392,457,309,706,0
372,360,303,699,0
366,254,286,687,0
370,118,295,677,0
392,0,297,674,0
424,0,302,671,0
449,0,300,667,0
436,0,301,666,0
412,0,308,653,0
400,0,311,646,0
335,86,319,644,0
271,150,317,652,0
258,219,326,666,0
268,222,328,681,0
274,189,321,693,0
261,166,313,698,0
263,141,322,704,0
259,143,331,710,0
265,157,339,716,0
272,175,350,721,0
287,178,362,724,0
295,180,369,728,0
304,175,379,729,0
308,159,382,730,0
311,159,385,731,0
312,159,387,732,0
317,152,385,736,0
316,156,382,738,0
314,147,379,739,0
304,142,367,738,0
309,144,367,739,0
323,144,361,740,0
333,146,349,743,0
335,169,343,745,0
338,177,348,746,0
342,181,348,747,0
346,169,344,747,0
346,142,335,747,0
339,138,333,748,0
331,130,333,748,0
323,133,337,749,0
318,148,342,748,0
325,144,348,748,0
334,161,353,749,0
343,188,358,753,0
349,198,357,755,0
348,174,348,756,0
350,157,347,756,0
341,143,347,755,0
321,143,344,752,0
321,157,350,753,0
337,162,349,753,0
348,152,340,755,0
351,138,331,756,0
343,135,331,757,0
332,139,337,756,0
318,147,341,756,0
311,153,343,756,0
321,168,344,756,0
333,172,346,756,0
346,166,342,758,0
347,163,337,758,0
343,140,344,760,0
327,140,345,762,0
316,144,347,764,0
311,142,348,765,0
310,133,338,766,0
309,133,332,764,0
312,150,330,764,0
313,166,332,762,0
308,210,335,761,0
307,308,344,762,0
313,373,351,766,0
317,433,357,768,0
313,470,343,771,0
310,451,300,770,0
308,367,271,767,0
298,242,236,766,0
278,113,226,760,0
236,23,229,757,0
214,0,247,757,0
204,0,254,755,0
211,0,266,753,0
233,0,274,752,0
253,27,268,757,0
265,88,266,757,0
276,193,271,756,0
256,239,273,755,0
233,276,264,755,0
182,283,270,750,0
135,264,268,743,0
86,213,235,733,0
56,151,223,725,0
122,144,222,720,0
185,169,209,715,0
237,200,203,710,0
252,228,203,707,0
272,250,200,702,0
299,257,201,699,0
315,270,209,698,0
338,273,213,696,0
359,278,220,694,0
376,282,233,692,0
392,274,242,689,0
403,254,237,688,0
407,258,230,686,0
410,252,224,687,0
411,250,230,688,0
416,261,232,688,0
415,253,220,684,0
425,248,220,682,0
434,244,225,682,0
445,238,231,683,0
456,241,243,683,0
462,239,249,681,0
467,238,235,684,0
473,229,216,685,0
481,235,216,683,0
486,224,210,679,0
491,226,204,675,0
486,240,201,672,0
483,259,197,667,0
478,268,190,663,0
477,265,171,658,0
478,270,158,661,0
485,273,154,665,0
489,272,162,669,0
490,272,167,671,0
485,271,175,671,0
488,272,182,670,0
497,286,198,669,0
501,299,214,668,0
502,322,222,667,0
501,348,241,668,0
500,412,255,668,0
498,472,258,670,0
481,536,260,669,0
468,557,250,669,0
451,552,230,671,0
421,482,194,672,0
411,371,147,670,0
403,281,85,662,0
416,195,95,657,0
436,58,123,655,0
448,0,140,656,0
457,46,151,660,0
433,98,160,660,0
375,137,185,660,0
298,173,205,663,0
205,185,223,670,0
153,112,236,673,0
147,55,262,671,0
165,28,282,666,0
157,0,277,674,0
172,0,282,681,0
181,0,283,691,0
190,67,291,701,0
218,104,299,707,0
236,118,310,709,0
253,121,312,710,0
259,120,310,711,0
249,102,306,711,0
244,95,302,712,0
239,92,304,713,0
239,98,307,712,0
238,114,308,713,0
241,128,307,713,0
249,141,303,715,0
259,141,289,717,0
271,133,286,720,0
283,132,271,723,0
294,125,264,725,0
306,122,262,730,0
319,130,267,732,0
346,143,274,735,0
366,153,283,738,0
374,141,280,743,0
380,139,280,747,0
381,144,279,748,0
379,147,278,748,0
381,149,278,748,0
395,152,280,751,0
404,189,286,752,0
408,172,284,754,0
404,155,288,756,0
388,147,290,758,0
372,142,290,760,0
355,130,288,760,0
355,131,290,757,0
370,138,290,754,0
387,150,295,754,0
395,152,298,754,0
398,155,299,756,0
395,153,296,757,0
385,149,293,757,0
372,143,296,758,0
357,145,294,758,0
353,152,293,757,0
359,152,295,758,0
369,154,297,758,0
371,150,297,759,0
357,152,293,761,0
354,179,294,761,0
348,202,300,762,0
343,244,305,762,0
332,328,310,762,0
316,362,303,762,0
298,382,295,761,0
285,358,264,759,0
273,314,237,754,0
264,245,213,752,0
254,171,213,751,0
251,116,227,750,0
259,89,252,750,0
276,96,262,750,0
284,109,268,749,0
289,121,264,748,0
289,113,257,748,0
283,118,255,742,0
277,115,251,736,0
266,121,243,734,0
245,135,245,726,0
230,135,246,719,0
230,147,270,711,0
243,143,276,696,0
216,113,270,688,0
178,90,240,681,0
141,65,214,678,0
201,47,203,670,0
308,102,193,669,0
367,148,181,670,0
408,178,182,676,0
420,206,172,677,0
422,209,160,680,0
418,207,174,682,0
415,210,185,682,0
422,216,190,680,0
426,226,210,680,0
438,237,224,680,0
442,245,230,681,0
435,235,221,681,0
421,233,217,680,0
410,227,214,675,0
405,233,219,673,0
409,243,227,670,0
413,268,237,669,0
412,259,230,670,0
413,246,227,667,0
408,252,225,667,0
406,255,221,666,0
405,269,227,665,0
406,269,223,664,0
407,274,224,662,0
409,286,227,665,0
398,289,222,667,0
382,294,227,668,0
382,283,208,667,0
371,260,202,664,0
367,243,205,660,0
352,225,211,655,0
342,209,217,654,0
346,183,207,651,0
350,160,200,654,0
357,189,216,655,0
365,213,217,656,0
375,239,217,656,0
382,249,205,653,0
388,253,205,650,0
382,262,212,647,0
370,263,221,644,0
362,273,242,644,0
363,285,249,643,0
365,307,260,643,0
370,346,264,641,0
368,400,267,640,0
344,436,272,639,0
320,488,268,637,0
288,516,250,639,0
259,513,209,638,0
243,459,157,643,0
237,354,97,646,0
232,274,39,643,0
223,147,52,643,0
214,0,65,647,0
220,0,87,653,0
235,0,113,653,0
241,91,132,652,0
239,132,142,658,0
225,179,173,658,0
182,209,214,674,0
130,233,272,685,0
100,238,313,681,0
121,192,336,679,0
131,162,345,677,0
146,148,348,678,0
163,151,348,683,0
171,157,353,688,0
173,172,362,695,0
185,185,366,700,0
212,194,371,706,0
227,204,372,712,0
229,210,372,716,0
238,211,371,717,0
231,203,363,717,0
214,199,352,717,0
206,195,342,715,0
204,190,328,712,0
206,186,320,712,0
209,192,321,710,0
215,197,324,710,0
231,198,319,713,0
248,194,314,716,0
277,196,314,720,0
279,190,316,726,0
284,176,317,734,0
296,152,332,737,0
320,155,337,739,0
325,168,331,740,0
320,168,322,743,0
327,174,317,744,0
322,178,320,747,0
306,179,324,746,0
298,174,310,746,0
315,178,306,746,0
322,172,305,746,0
327,175,303,748,0
330,178,316,752,0
335,182,323,756,0
336,176,322,757,0
332,172,307,759,0
327,163,299,757,0
328,167,292,754,0
340,177,295,750,0
340,195,300,747,0
341,216,308,750,0
337,233,315,753,0
336,236,316,755,0
329,222,307,757,0
318,205,306,758,0
311,205,300,757,0
319,214,304,755,0
321,220,300,750,0
324,270,303,744,0
335,353,314,744,0
343,400,316,747,0
342,443,329,750,0
329,464,322,754,0
317,434,299,755,0
312,355,253,753,0
309,254,243,750,0
313,141,250,746,0
322,53,263,738,0
351,27,277,737,0
379,36,291,734,0
406,80,293,735,0
425,123,281,732,0
436,147,244,731,0
446,151,232,729,0
443,181,226,727,0
438,208,219,721,0
434,210,221,720,0
406,171,244,717,0
459,136,237,710,0
513,118,229,704,0
543,156,238,701,0
563,183,231,701,0
575,204,227,705,0
585,231,235,710,0
591,236,243,712,0
594,236,248,715,0
598,234,257,719,0
602,209,274,722,0
608,195,281,726,0
617,185,284,728,0
625,182,279,731,0
627,167,281,733,0
630,170,284,734,0
632,166,291,737,0
631,170,293,739,0
632,175,295,740,0
633,162,298,741,0
632,159,298,743,0
629,159,287,745,0
625,162,283,746,0
622,164,284,746,0
628,170,286,745,0
638,188,295,744,0
644,204,301,744,0
648,207,301,745,0
652,203,305,746,0
652,171,305,746,0
652,154,303,744,0
651,142,303,743,0
652,149,304,742,0
651,154,304,742,0
645,159,305,740,0
645,154,299,739,0
643,145,300,738,0
639,137,285,737,0
636,129,285,735,0
640,130,297,735,0
645,137,305,735,0
649,163,306,735,0
649,185,306,734,0
648,202,304,732,0
646,251,305,730,0
637,308,304,729,0
627,348,306,728,0
621,394,305,728,0
613,436,309,726,0
602,481,305,724,0
580,490,304,724,0
557,455,294,723,0
547,395,276,720,0
551,278,269,713,0
551,192,257,709,0
562,111,259,709,0
575,31,267,713,0
576,0,286,717,0
577,0,297,722,0
582,0,305,729,0
574,50,326,742,0
558,92,363,759,0
570,97,407,771,0
582,69,424,783,0
580,21,436,785,0
561,0,444,783,0
554,0,455,783,0
564,0,458,786,0
571,29,463,790,0
586,52,463,794,0
596,67,457,797,0
600,56,445,799,0
598,36,433,798,0
596,23,428,797,0
584,22,420,796,0
578,37,409,794,0
578,35,410,791,0
577,34,404,789,0
577,28,401,788,0
573,22,407,789,0
567,28,413,791,0
559,29,416,792,0
550,39,415,792,0
546,46,409,792,0
541,45,394,790,0
537,40,382,789,0
530,32,376,787,0
527,36,378,785,0
520,34,385,785,0
515,40,392,785,0
510,44,397,785,0
507,48,404,785,0
502,52,409,785,0
496,63,407,785,0
487,84,399,784,0
491,89,404,784,0
494,89,411,784,0
496,88,417,784,0
490,93,417,784,0
483,94,414,784,0
479,96,390,783,0
477,96,379,781,0
481,145,376,779,0
483,155,365,779,0
483,180,363,779,0
482,197,367,780,0
478,205,376,780,0
472,211,381,780,0
469,194,370,780,0
468,160,366,779,0
464,154,360,779,0
463,140,360,779,0
460,132,363,780,0
451,112,362,779,0
438,93,363,780,0
427,77,363,780,0
419,62,363,780,0
425,57,362,778,0
433,75,366,775,0
439,89,363,775,0
442,114,365,776,0
444,163,369,776,0
444,169,371,778,0
437,175,372,779,0
430,163,373,780,0
426,119,374,780,0
430,121,375,779,0
437,156,375,779,0
444,173,374,779,0
451,174,376,779,0
453,215,384,779,0
450,266,387,779,0
447,348,392,779,0
445,413,393,781,0
439,445,385,782,0
426,468,378,782,0
418,465,362,780,0
409,419,342,775,0
402,315,308,771,0
396,199,292,769,0
401,93,294,765,0
418,20,308,761,0
449,0,315,759,0
469,0,319,754,0
482,0,321,749,0
487,31,320,744,0
479,75,302,739,0
469,139,288,735,0
467,218,279,730,0
457,247,261,725,0
456,263,270,725,0
477,271,273,723,0
508,238,274,722,0
528,233,257,719,0
532,231,254,712,0
542,242,253,709,0
547,243,250,707,0
552,255,244,709,0
546,248,247,709,0
542,231,254,709,0
532,215,258,710,0
522,208,264,711,0
512,219,267,712,0
507,226,268,709,0
508,227,269,703,0
516,234,271,700,0
535,239,274,701,0
546,242,275,702,0
551,236,275,703,0
551,224,275,705,0
546,219,277,707,0
545,221,274,707,0
546,209,266,704,0
549,207,262,702,0
558,217,264,700,0
564,220,267,700,0
566,233,268,702,0
568,250,276,705,0
568,259,277,710,0
567,254,276,712,0
563,243,276,711,0
561,243,274,708,0
559,232,273,708,0
557,227,275,710,0
558,233,277,710,0
545,241,282,710,0
535,236,283,711,0
516,232,286,711,0
509,208,279,713,0
505,195,279,714,0
506,193,283,714,0
510,198,286,715,0
514,218,290,714,0
517,242,293,715,0
519,270,295,715,0
519,304,298,714,0
516,339,302,713,0
513,356,304,712,0
510,386,309,713,0
507,415,312,718,0
498,484,320,721,0
489,505,309,725,0
463,485,274,726,0
452,423,263,722,0
433,295,233,720,0
397,205,231,715,0
373,109,238,715,0
358,0,247,716,0
347,0,254,719,0
330,32,257,722,0
319,94,258,725,0
310,145,268,732,0
313,196,283,738,0
318,232,303,750,0
324,257,337,759,0
330,231,363,760,0
315,190,370,760,0
283,146,375,759,0
242,108,371,757,0
228,96,363,751,0
231,96,369,749,0
236,106,368,748,0
233,141,365,747,0
235,151,365,747,0
246,169,369,746,0
256,178,369,746,0
266,181,370,746,0
270,175,365,747,0
274,149,361,746,0
282,143,365,745,0
284,115,368,745,0
282,140,372,746,0
282,174,374,747,0
274,181,372,748,0
270,185,368,749,0
269,192,367,748,0
267,185,360,747,0
267,164,352,747,0
261,144,345,747,0
250,134,345,747,0
255,134,351,747,0
261,144,357,745,0
269,149,357,745,0
279,152,345,746,0
281,142,338,746,0
280,139,332,747,0
275,147,337,748,0
272,153,347,748,0
278,162,353,748,0
282,182,350,748,0
284,196,341,749,0
283,197,341,749,0
279,205,344,750,0
277,206,343,750,0
276,204,346,748,0
280,191,347,747,0
278,171,347,746,0
274,165,346,745,0
265,188,347,745,0
260,220,348,745,0
258,245,354,746,0
265,338,358,747,0
255,391,363,750,0
246,431,366,751,0
248,459,362,751,0
246,449,340,750,0
240,406,312,749,0
233,338,291,748,0
229,227,261,748,0
237,151,240,743,0
279,62,244,736,0
318,0,258,734,0
357,0,275,732,0
390,0,291,729,0
420,0,297,724,0
440,0,300,716,0
443,34,294,702,0
434,61,276,693,0
432,84,273,685,0
458,120,272,682,0
488,147,265,677,0
507,164,262,673,0
508,157,259,679,0
506,156,253,686,0
500,155,252,692,0
499,162,256,692,0
494,170,259,692,0
491,176,266,687,0
490,185,278,689,0
492,205,280,693,0
496,208,282,697,0
486,212,287,699,0
468,228,298,701,0
463,231,306,703,0
473,228,302,697,0
475,209,296,693,0
479,179,293,686,0
484,157,292,689,0
495,161,294,691,0
509,179,295,697,0
516,204,297,701,0
514,218,300,705,0
502,223,302,707,0
494,218,304,711,0
487,199,303,712,0
479,181,303,714,0
460,174,302,714,0
439,177,301,716,0
411,179,294,714,0
373,174,294,714,0
353,161,297,713,0
347,156,297,713,0
350,158,296,711,0
351,153,302,711,0
353,154,298,711,0
344,157,299,712,0
340,161,295,712,0
331,169,301,713,0
314,171,302,713,0
299,176,308,711,0
287,179,297,710,0
280,181,297,709,0
282,190,297,708,0
288,199,301,708,0
281,207,305,708,0
267,211,308,710,0
254,206,310,710,0
237,195,315,712,0
234,189,316,712,0
222,183,314,713,0
224,184,310,712,0
223,202,309,712,0
244,219,307,711,0
251,267,306,710,0
262,339,303,707,0
266,376,307,702,0
259,402,310,701,0
253,434,314,699,0
220,454,311,703,0
184,464,294,703,0
143,441,286,701,0
95,346,273,701,0
77,251,249,702,0
40,109,232,706,0
37,0,244,702,0
40,0,255,705,0
42,0,264,711,0
67,0,268,716,0
78,0,286,722,0
107,0,314,726,0
153,1,348,739,0
210,97,392,752,0
278,186,414,765,0
312,233,433,770,0
338,251,451,773,0
370,245,463,775,0
379,215,463,778,0
391,175,456,781,0
417,158,454,783,0
433,158,446,785,0
448,158,444,785,0
460,175,444,786,0
469,189,436,786,0
469,197,433,786,0
467,184,420,786,0
461,157,404,784,0
457,152,397,781,0
456,149,385,779,0
462,157,394,779,0
466,164,402,779,0
458,177,406,779,0
441,170,407,779,0
432,159,404,779,0
428,161,398,780,0
424,161,394,780,0
425,165,388,778,0
427,164,388,779,0
418,161,383,777,0
408,154,374,775,0
399,138,367,772,0
398,129,370,766,0
385,126,370,759,0
390,146,374,756,0
391,158,378,753,0
398,167,378,754,0
412,163,375,753,0
420,148,374,754,0
418,135,375,755,0
408,125,378,756,0
401,139,378,757,0
385,152,379,757,0
370,160,377,757,0
365,167,376,752,0
373,179,378,750,0
381,181,380,748,0
376,176,376,747,0
376,163,376,748,0
370,155,376,747,0
357,152,366,748,0
342,153,361,748,0
322,161,361,748,0
312,165,352,747,0
305,162,350,746,0
304,158,347,744,0
306,160,342,741,0
315,172,346,738,0
327,206,352,736,0
339,269,364,738,0
348,287,367,740,0
351,298,371,743,0
350,310,370,743,0
340,322,372,742,0
332,345,373,741,0
325,387,380,741,0
330,456,384,742,0
333,528,387,741,0
337,569,367,736,0
320,569,330,732,0
286,496,285,729,0
215,379,199,722,0
128,223,195,716,0
128,66,195,700,0
212,0,210,694,0
330,0,218,694,0
397,0,236,691,0
459,0,236,689,0
464,0,241,691,0
447,0,242,681,0
397,1,248,677,0
415,90,254,681,0
413,193,254,691,0
426,208,256,693,0
448,175,244,695,0
451,136,249,698,0
444,129,261,700,0
435,124,259,700,0
431,121,267,698,0
433,127,275,694,0
433,144,280,694,0
436,173,295,697,0
439,174,301,697,0
435,177,294,695,0
427,171,284,690,0
421,162,283,689,0
424,158,285,690,0
428,162,294,696,0
436,182,313,704,0
439,186,324,712,0
438,180,325,717,0
439,182,327,717,0
438,187,325,716,0
437,173,315,713,0
449,175,319,713,0
462,178,325,717,0
485,174,331,724,0
501,203,339,728,0
516,208,344,729,0
527,222,346,726,0
533,213,344,724,0
535,167,335,720,0
537,131,329,719,0
538,116,332,716,0
533,98,338,718,0
536,103,342,723,0
529,119,345,727,0
514,132,355,728,0
512,147,358,728,0
524,158,359,727,0
532,164,364,728,0
543,164,369,730,0
550,162,373,732,0
553,154,376,735,0
555,141,373,737,0
555,131,366,736,0
550,101,367,734,0
549,106,368,732,0
551,120,369,729,0
556,132,373,731,0
559,140,377,731,0
560,142,379,733,0
559,143,382,735,0
552,147,384,734,0
535,147,386,734,0
519,148,388,733,0
511,159,389,730,0
515,169,387,726,0
518,192,385,726,0
522,212,386,727,0
525,219,387,727,0
525,220,389,728,0
524,221,390,728,0
523,219,392,726,0
520,219,390,724,0
516,239,388,724,0
508,304,390,726,0
492,365,393,729,0
466,403,390,731,0
458,411,389,735,0
457,369,388,737,0
456,283,372,738,0
449,208,333,736,0
429,109,317,734,0
417,32,316,734,0
414,0,322,733,0
407,0,329,734,0
404,0,332,735,0
405,0,335,736,0
402,32,335,737,0
399,61,338,738,0
393,124,339,740,0
392,166,338,742,0
391,188,347,743,0
388,209,369,742,0
380,215,373,740,0
362,200,372,737,0
344,169,373,736,0
333,159,378,736,0
325,169,380,737,0
311,169,381,739,0
307,173,383,740,0
307,169,387,740,0
309,157,389,739,0
307,148,388,737,0
302,110,387,734,0
293,107,386,730,0
276,111,387,725,0
260,112,384,721,0
260,110,379,720,0
261,112,376,720,0
260,113,377,721,0
255,118,375,721,0
261,112,373,722,0
265,116,374,722,0
266,114,374,722,0
255,120,376,723,0
259,122,378,723,0
256,122,380,723,0
250,123,380,723,0
254,117,382,722,0
258,112,379,720,0
269,113,377,719,0
267,117,381,720,0
250,116,384,721,0
247,121,385,721,0
245,123,386,722,0
240,122,386,722,0
238,121,383,721,0
238,117,378,719,0
237,112,377,718,0
226,113,372,716,0
218,114,370,717,0
217,111,369,716,0
215,108,364,717,0
205,107,360,716,0
207,103,356,716,0
207,102,356,715,0
205,103,355,714,0
207,99,355,712,0
207,101,352,711,0
209,105,354,711,0
213,108,354,712,0
214,113,359,713,0
213,119,363,714,0
214,124,363,714,0
212,126,365,715,0
213,119,361,714,0
209,115,359,712,0
200,116,356,712,0
199,118,356,713,0
203,120,355,713,0
204,119,354,713,0
199,117,354,714,0
202,117,354,714,0
195,117,355,715,0
195,117,355,715,0
196,118,354,714,0
194,120,350,714,0
197,124,350,714,0
201,129,353,714,0
201,130,356,715,0
200,134,355,715,0
198,135,355,716,0
195,133,357,716,0
192,134,350,717,0
195,133,350,717,0
197,126,350,716,0
199,125,349,715,0
200,123,349,715,0
199,128,351,716,0
198,130,352,716,0
198,134,354,718,0
200,136,356,719,0
201,135,360,719,0
203,134,361,719,0
204,133,360,718,0
205,131,359,718,0
205,128,357,718,0
205,124,353,717,0
206,122,352,717,0
208,124,351,718,0
205,125,352,718,0
205,126,352,719,0
203,126,354,720,0
203,127,357,719,0
203,129,356,718,0
206,128,353,718,0
207,131,354,718,0
207,132,356,718,0
203,129,358,720,0
199,130,358,721,0
197,124,352,722,0
196,122,346,721,0
197,118,339,720,0
198,104,337,720,0
198,104,339,720,0
197,107,341,720,0
200,110,344,720,0
204,113,348,721,0
204,113,351,722,0
204,113,350,722,0
202,112,350,722,0
201,113,348,722,0
200,107,346,723,0
197,101,341,723,0
196,91,341,723,0
200,83,337,723,0
202,77,334,722,0
208,75,329,720,0
211,74,327,720,0
213,74,326,719,0
215,76,321,719,0
215,79,324,718,0
