F1,F2,F3,F4,F5
304,57,457,703,0
307,56,456,703,0
312,54,455,703,0
322,53,455,703,0
325,54,455,703,0
329,54,455,704,0
332,53,457,704,0
332,61,458,705,0
337,61,459,706,0
334,54,460,707,0
337,65,461,707,0
338,70,462,707,0
340,69,463,707,0
338,88,461,707,0
341,105,460,707,0
345,115,460,704,0
353,141,459,703,0
357,152,459,702,0
363,156,459,703,0
368,164,458,703,0
367,163,458,704,0
368,171,459,704,0
370,187,459,705,0
373,225,461,706,0
379,243,461,706,0
382,277,461,706,0
380,291,461,707,0
384,298,459,707,0
384,306,455,708,0
381,300,450,707,0
377,248,441,704,0
360,221,435,698,0
329,130,430,695,0
321,50,442,694,0
331,41,449,694,0
357,25,452,696,0
384,17,457,696,0
413,34,462,696,0
444,83,465,697,0
464,138,468,698,0
489,195,467,697,0
503,226,459,694,0
515,231,451,696,0
526,227,451,699,0
532,199,449,699,0
541,194,452,703,0
548,186,453,705,0
553,164,457,707,0
564,158,459,706,0
570,157,463,708,0
575,154,461,712,0
578,145,447,715,0
575,131,433,715,0
577,143,421,712,0
577,156,413,709,0
581,172,407,710,0
584,184,408,711,0
589,194,414,713,0
591,191,411,712,0
590,186,407,714,0
585,179,401,711,0
573,178,402,712,0
560,178,403,713,0
557,179,401,716,0
550,182,397,715,0
546,181,383,715,0
538,180,373,710,0
547,187,368,708,0
552,204,373,709,0
557,215,378,712,0
552,213,380,714,0
541,203,383,717,0
530,189,384,720,0
526,171,384,722,0
525,172,379,723,0
525,181,375,724,0
522,193,376,722,0
520,210,374,719,0
520,215,371,713,0
523,216,367,704,0
519,210,360,699,0
511,197,354,695,0
502,184,345,694,0
491,179,345,697,0
484,175,350,702,0
479,174,352,703,0
476,175,347,702,0
480,189,349,699,0
485,229,358,702,0
492,244,361,704,0
495,260,372,706,0
498,286,376,706,0
501,314,378,705,0
502,352,383,706,0
501,386,384,706,0
489,397,387,710,0
474,426,391,710,0
450,411,381,712,0
420,354,360,709,0
398,285,356,696,0
385,147,367,688,0
387,0,380,686,0
389,0,391,689,0
391,0,395,690,0
373,0,404,688,0
350,0,407,698,0
329,0,401,701,0
313,0,402,702,0
319,58,403,703,0
320,170,396,706,0
319,200,391,705,0
310,194,377,702,0
305,177,380,700,0
318,167,374,692,0
329,118,371,688,0
340,112,373,689,0
364,122,373,691,0
392,156,365,689,0
406,186,360,687,0
421,198,361,687,0
431,219,366,682,0
438,229,370,681,0
444,238,374,683,0
449,241,377,685,0
459,260,381,688,0
464,266,381,688,0
465,262,384,689,0
464,255,383,689,0
459,258,387,687,0
459,259,388,686,0
456,245,391,685,0
458,247,393,685,0
459,249,393,684,0
457,260,394,684,0
458,280,393,687,0
460,297,394,690,0
464,308,396,692,0
459,306,392,694,0
453,290,385,692,0
431,263,377,690,0
409,238,376,689,0
395,218,381,691,0
391,236,386,693,0
393,259,393,694,0
400,289,396,695,0
411,331,398,697,0
425,363,400,698,0
423,397,400,700,0
427,439,402,705,0
417,480,408,706,0
404,487,409,707,0
391,469,404,706,0
376,428,401,702,0
377,365,392,697,0
368,308,395,691,0
359,254,397,685,0
358,240,403,681,0
367,230,406,678,0
398,219,400,672,0
424,211,380,667,0
449,218,379,664,0
455,219,378,673,0
455,214,382,676,0
450,222,387,680,0
468,227,380,690,0
461,218,366,699,0
459,203,376,711,0
463,189,380,723,0
479,186,390,729,0
470,190,394,734,0
456,199,399,735,0
456,210,403,735,0
458,205,402,736,0
477,200,402,735,0
504,192,407,738,0
519,177,407,740,0
531,184,408,742,0
540,178,409,744,0
540,174,407,747,0
536,146,404,749,0
531,130,406,748,0
531,143,414,748,0
534,165,419,750,0
544,182,418,752,0
560,187,415,754,0
574,185,395,752,0
586,180,399,753,0
587,182,403,752,0
585,166,410,751,0
573,148,415,749,0
565,124,413,746,0
565,100,405,739,0
572,126,404,735,0
578,155,412,736,0
583,177,416,738,0
585,178,418,739,0
585,186,420,740,0
584,190,423,741,0
577,193,424,741,0
565,197,425,739,0
554,203,428,735,0
558,213,431,733,0
562,223,432,734,0
577,224,435,734,0
591,215,435,735,0
599,207,437,736,0
600,200,437,737,0
594,194,438,737,0
591,194,438,737,0
590,200,441,737,0
590,208,440,738,0
596,219,437,739,0
600,250,436,740,0
605,315,437,744,0
606,352,440,746,0
604,384,441,747,0
600,374,438,747,0
597,312,429,745,0
590,249,412,741,0
579,153,411,737,0
556,85,412,737,0
534,0,415,739,0
503,0,416,742,0
454,0,422,739,0
409,0,429,739,0
379,0,434,740,0
360,60,430,744,0
332,149,420,745,0
335,211,413,737,0
332,223,412,729,0
338,224,414,716,0
337,206,419,708,0
366,177,414,700,0
387,157,408,695,0
398,139,408,693,0
422,132,408,691,0
438,145,406,687,0
446,159,401,684,0
456,165,389,683,0
462,175,387,677,0
469,190,391,679,0
476,204,390,678,0
493,232,405,680,0
518,250,415,684,0
533,251,421,690,0
540,242,427,692,0
543,224,429,692,0
544,213,432,692,0
542,196,436,689,0
539,197,436,687,0
538,204,437,682,0
542,207,435,674,0
549,201,423,670,0
553,198,416,673,0
559,201,418,672,0
560,199,419,672,0
561,204,422,669,0
563,207,418,663,0
565,215,411,656,0
566,218,399,654,0
566,221,393,658,0
566,221,394,662,0
567,227,407,663,0
564,229,412,665,0
564,231,420,669,0
563,233,421,669,0
564,258,425,664,0
567,286,431,658,0
567,326,438,656,0
568,389,441,657,0
563,457,446,665,0
559,500,444,673,0
547,502,428,683,0
538,440,404,685,0
532,312,377,675,0
527,121,364,660,0
529,0,357,655,0
535,0,364,659,0
547,0,369,674,0
557,0,367,675,0
563,0,370,667,0
520,0,388,676,0
500,0,376,680,0
474,0,387,687,0
471,25,384,690,0
474,36,378,693,0
484,0,374,697,0
485,0,377,703,0
480,0,381,706,0
493,0,396,712,0
499,0,405,713,0
505,0,412,715,0
513,0,415,718,0
526,19,417,721,0
539,61,416,721,0
542,90,421,725,0
546,87,421,728,0
557,85,420,731,0
562,58,417,732,0
562,54,424,731,0
562,58,423,730,0
570,57,423,729,0
586,57,424,731,0
603,68,424,735,0
618,81,417,737,0
637,93,405,737,0
643,85,400,738,0
644,76,406,739,0
640,78,413,739,0
640,81,419,739,0
640,83,422,739,0
642,86,423,738,0
644,92,429,738,0
646,96,431,738,0
647,91,432,741,0
646,84,433,743,0
640,59,432,744,0
628,58,432,743,0
622,53,433,742,0
627,53,434,743,0
637,55,436,744,0
640,58,436,743,0
642,61,440,741,0
643,59,440,742,0
643,45,441,742,0
646,37,440,741,0
649,32,436,741,0
650,33,439,741,0
651,49,440,741,0
651,90,440,741,0
652,145,442,743,0
649,201,447,745,0
637,241,457,748,0
623,262,459,749,0
610,253,447,747,0
608,202,425,744,0
606,107,417,739,0
596,0,415,733,0
580,0,420,728,0
567,0,411,728,0
561,0,411,730,0
555,0,415,730,0
525,0,413,725,0
479,0,416,719,0
426,0,417,717,0
403,0,402,713,0
405,0,382,709,0
417,50,367,707,0
427,63,350,703,0
426,70,340,700,0
420,59,324,699,0
425,48,341,698,0
433,61,345,697,0
435,68,351,696,0
441,69,349,693,0
450,85,347,690,0
457,111,349,689,0
478,131,349,690,0
492,145,352,688,0
504,157,357,691,0
511,157,361,695,0
510,155,364,699,0
510,152,366,702,0
514,157,368,704,0
515,162,366,706,0
512,175,354,706,0
521,177,342,701,0
519,172,332,700,0
516,160,332,691,0
508,152,318,682,0
508,156,319,669,0
516,165,319,667,0
518,169,321,667,0
524,174,322,667,0
529,172,320,663,0
529,172,325,660,0
525,163,324,655,0
524,155,324,651,0
525,155,325,646,0
529,143,324,645,0
526,138,319,647,0
523,149,318,652,0
517,156,309,651,0
509,147,308,649,0
505,130,308,644,0
505,136,309,640,0
510,143,312,637,0
512,153,317,638,0
518,158,321,642,0
520,162,325,647,0
520,166,325,647,0
521,168,322,646,0
520,158,326,644,0
519,158,326,641,0
511,170,326,635,0
509,198,326,635,0
509,227,325,637,0
516,288,321,640,0
524,341,320,646,0
532,376,321,653,0
528,438,324,657,0
527,460,317,661,0
522,451,313,658,0
519,394,307,649,0
510,320,310,640,0
498,244,314,634,0
489,120,320,634,0
484,0,321,633,0
497,0,323,633,0
513,0,322,633,0
527,0,323,635,0
533,0,317,643,0
524,52,306,650,0
493,117,289,654,0
462,179,290,657,0
437,168,302,665,0
404,143,321,669,0
384,103,320,673,0
370,28,328,681,0
307,0,332,688,0
312,0,343,694,0
314,0,343,700,0
305,0,344,707,0
307,0,339,709,0
318,0,341,712,0
331,10,340,713,0
344,19,343,714,0
349,17,337,716,0
350,0,334,717,0
349,0,329,718,0
352,1,331,718,0
352,8,331,719,0
352,25,334,720,0
352,29,332,722,0
342,30,324,724,0
340,21,312,725,0
325,0,309,726,0
303,0,302,724,0
283,0,299,721,0
262,0,297,719,0
235,0,301,719,0
238,9,308,718,0
235,33,313,718,0
224,45,314,719,0
212,47,311,719,0
205,42,308,719,0
200,34,305,719,0
195,29,308,717,0
183,6,308,717,0
172,0,309,719,0
168,0,308,718,0
171,0,308,723,0
175,0,309,726,0
170,11,306,727,0
166,23,311,728,0
168,25,318,729,0
171,25,325,728,0
174,25,328,727,0
176,23,328,728,0
173,22,325,728,0
174,26,321,728,0
168,25,307,725,0
158,35,306,724,0
157,67,314,725,0
162,107,320,725,0
187,177,329,727,0
212,241,337,728,0
235,310,336,728,0
258,360,322,725,0
262,369,284,723,0
254,317,263,718,0
221,238,242,714,0
171,185,245,711,0
143,0,255,706,0
146,0,263,701,0
173,0,265,701,0
188,0,260,700,0
209,0,262,698,0
222,0,262,694,0
260,0,271,690,0
288,0,266,684,0
298,42,254,679,0
344,83,253,674,0
418,105,249,672,0
447,66,235,671,0
462,34,223,670,0
471,36,214,666,0
467,44,211,660,0
474,83,212,658,0
472,100,218,658,0
476,106,228,657,0
475,96,235,656,0
477,92,247,654,0
483,95,257,653,0
492,97,261,654,0
503,111,254,651,0
518,130,248,647,0
524,138,234,647,0
529,141,229,646,0
532,144,217,648,0
534,136,211,647,0
540,135,210,644,0
550,146,225,641,0
562,169,230,645,0
564,165,230,647,0
558,158,229,648,0
559,157,227,646,0
563,150,232,646,0
563,138,236,644,0
565,130,236,637,0
573,117,238,628,0
576,110,239,621,0
579,115,223,614,0
574,116,227,606,0
572,136,227,602,0
570,155,234,597,0
565,167,234,599,0
562,175,232,602,0
556,175,233,604,0
553,178,243,603,0
552,179,243,597,0
550,177,248,593,0
552,199,258,586,0
554,245,267,583,0
552,319,280,587,0
546,362,288,585,0
540,405,291,586,0
530,434,274,589,0
512,413,252,590,0
496,342,235,586,0
469,262,233,580,0
453,135,244,574,0
456,47,250,581,0
470,0,265,588,0
484,0,270,603,0
486,0,276,623,0
473,0,285,638,0
452,57,293,659,0
428,136,303,673,0
392,181,312,688,0
378,163,326,688,0
353,131,335,681,0
316,62,343,675,0
276,21,338,675,0
285,16,349,677,0
289,38,358,681,0
295,54,367,688,0
303,51,364,692,0
307,57,364,694,0
318,59,363,694,0
318,65,358,693,0
326,68,347,693,0
325,68,340,695,0
327,75,340,697,0
330,97,337,701,0
325,97,334,702,0
310,78,333,700,0
302,77,338,698,0
305,71,335,696,0
302,70,331,694,0
298,64,323,695,0
304,62,320,696,0
295,53,321,699,0
292,49,320,701,0
290,48,321,702,0
286,51,328,704,0
279,64,334,703,0
279,64,335,700,0
277,69,333,697,0
274,69,327,696,0
269,69,325,695,0
265,66,328,696,0
261,66,331,699,0
254,64,332,699,0
261,44,328,700,0
260,31,326,701,0
262,31,328,701,0
268,37,332,701,0
266,50,334,702,0
263,67,317,699,0
254,106,321,698,0
254,147,324,700,0
255,165,325,702,0
254,172,324,701,0
249,178,317,700,0
245,204,317,700,0
251,243,325,701,0
261,261,331,702,0
259,294,336,704,0
249,314,336,701,0
239,303,307,698,0
241,273,291,689,0
238,236,286,683,0
232,198,272,676,0
211,117,264,671,0
203,35,250,665,0
224,0,247,657,0
241,0,255,649,0
262,0,262,641,0
292,0,270,628,0
291,0,270,622,0
279,18,265,622,0
288,83,254,626,0
307,87,247,626,0
342,73,227,627,0
365,26,221,632,0
395,36,228,637,0
425,60,238,637,0
451,84,241,631,0
471,107,240,625,0
482,128,242,625,0
489,141,245,630,0
495,155,245,635,0
495,152,249,638,0
495,158,254,639,0
499,159,257,639,0
503,164,269,639,0
513,164,273,642,0
529,154,282,645,0
538,135,282,646,0
544,119,279,646,0
554,103,275,640,0
560,117,276,638,0
567,127,286,639,0
572,145,285,641,0
576,149,278,641,0
574,136,264,640,0
573,98,257,638,0
571,80,256,633,0
563,70,257,628,0
560,89,261,621,0
562,123,249,617,0
563,141,242,618,0
569,150,228,622,0
570,168,225,624,0
568,202,235,626,0
565,236,250,624,0
560,270,266,623,0
558,306,269,618,0
556,328,263,616,0
554,344,267,608,0
552,354,274,607,0
550,353,281,601,0
542,372,284,599,0
536,391,297,594,0
525,406,302,593,0
516,405,303,592,0
507,368,290,585,0
492,289,276,577,0
474,189,244,573,0
452,33,247,576,0
434,0,257,580,0
422,0,279,594,0
408,0,297,605,0
389,0,299,611,0
359,0,308,622,0
338,0,309,632,0
321,0,320,651,0
322,125,348,669,0
336,192,355,679,0
332,215,368,687,0
308,202,378,685,0
262,163,380,681,0
241,141,376,685,0
223,110,381,685,0
211,93,388,687,0
201,105,391,688,0
199,129,390,686,0
205,153,386,686,0
209,168,376,685,0
224,172,364,683,0
224,162,362,683,0
220,162,365,684,0
219,161,365,686,0
214,161,364,689,0
202,152,354,689,0
196,155,351,688,0
201,156,352,688,0
204,157,351,689,0
222,156,346,690,0
246,163,345,690,0
260,164,350,692,0
263,166,348,694,0
260,166,352,696,0
268,166,356,699,0
291,174,357,704,0
302,173,358,708,0
310,169,364,711,0
312,162,370,713,0
308,161,375,713,0
295,160,377,714,0
286,157,379,713,0
274,154,372,712,0
253,138,363,710,0
235,116,356,707,0
218,102,354,705,0
205,107,360,706,0
198,114,365,706,0
187,122,365,707,0
182,130,369,707,0
186,120,370,707,0
187,112,368,706,0
182,99,370,708,0
177,100,374,707,0
178,102,375,708,0
173,118,378,707,0
169,135,381,705,0
176,162,378,703,0
196,175,372,699,0
212,239,371,698,0
225,295,368,697,0
236,339,360,699,0
224,365,347,698,0
212,354,332,694,0
200,288,324,687,0
182,215,319,682,0
158,126,293,680,0
147,0,296,676,0
178,0,288,670,0
241,0,293,667,0
319,0,294,673,0
369,0,287,672,0
406,0,300,662,0
420,0,295,658,0
412,39,280,646,0
401,78,280,645,0
409,66,277,648,0
445,55,265,654,0
450,48,252,652,0
464,30,234,649,0
501,70,243,648,0
519,94,241,649,0
525,124,247,652,0
527,134,246,653,0
527,130,243,654,0
526,121,245,655,0
528,124,252,658,0
536,134,256,660,0
547,152,271,661,0
551,160,287,664,0
559,178,290,665,0
561,178,286,664,0
557,165,283,660,0
561,166,283,658,0
567,172,286,662,0
576,175,293,666,0
582,191,302,672,0
589,188,296,678,0
588,181,295,678,0
585,172,288,676,0
581,162,286,676,0
577,169,286,678,0
577,182,290,681,0
580,179,298,682,0
577,182,298,684,0
571,183,296,685,0
564,180,295,683,0
560,180,296,682,0
565,185,303,680,0
564,198,305,681,0
565,218,313,682,0
562,270,317,683,0
559,304,323,685,0
559,346,322,685,0
558,358,310,685,0
553,325,299,682,0
537,243,288,680,0
518,197,277,679,0
485,59,278,683,0
433,0,285,687,0
409,0,293,690,0
380,0,300,694,0
365,0,314,700,0
358,0,330,705,0
358,0,360,709,0
348,89,373,715,0
346,159,391,715,0
331,172,410,710,0
309,162,419,704,0
292,142,411,695,0
293,128,411,696,0
303,127,405,692,0
315,122,399,692,0
320,120,398,695,0
322,128,402,695,0
322,131,399,690,0
324,165,391,687,0
322,172,393,688,0
317,169,389,689,0
312,155,379,689,0
311,129,363,688,0
306,133,355,685,0
305,137,358,682,0
296,144,364,683,0
281,158,364,685,0
261,153,361,689,0
248,154,352,693,0
251,148,348,697,0
252,147,347,699,0
245,150,352,701,0
268,149,356,699,0
269,138,352,699,0
263,122,342,701,0
253,124,326,703,0
248,118,334,703,0
243,112,337,704,0
247,120,342,704,0
247,137,344,701,0
252,156,347,699,0
261,168,352,697,0
266,171,357,696,0
270,183,361,697,0
268,232,365,698,0
267,261,366,700,0
268,289,367,704,0
253,321,371,707,0
254,329,372,709,0
245,322,363,709,0
233,293,342,703,0
218,230,325,697,0
212,141,318,690,0
202,61,308,682,0
206,0,318,677,0
234,0,305,670,0
308,0,307,657,0
361,0,310,657,0
408,0,313,654,0
441,0,316,650,0
459,0,318,654,0
485,0,324,653,0
488,0,317,651,0
471,0,304,648,0
476,0,294,655,0
497,0,291,659,0
515,0,266,664,0
525,0,258,669,0
522,0,256,668,0
528,38,252,667,0
527,65,257,666,0
528,95,263,667,0
538,111,273,673,0
542,120,276,680,0
545,120,284,685,0
551,125,291,688,0
557,120,296,687,0
560,123,299,680,0
564,121,297,678,0
565,121,298,683,0
565,139,301,688,0
559,157,304,691,0
549,157,305,693,0
548,141,303,695,0
552,138,291,695,0
567,137,284,696,0
579,130,288,696,0
587,135,292,697,0
591,146,299,698,0
594,153,305,701,0
600,153,310,703,0
602,151,310,703,0
602,153,307,701,0
596,157,309,698,0
580,165,311,696,0
563,177,315,697,0
567,199,318,697,0
579,217,327,697,0
589,248,330,698,0
596,299,338,700,0
599,338,345,703,0
598,347,346,705,0
592,299,329,704,0
571,227,305,702,0
542,124,296,701,0
506,9,299,706,0
473,0,307,707,0
427,0,309,711,0
396,0,312,715,0
372,0,315,720,0
350,0,342,728,0
330,0,363,732,0
320,19,375,733,0
341,85,384,718,0
359,102,387,701,0
363,90,374,687,0
364,72,379,678,0
366,61,390,675,0
360,48,389,674,0
364,53,393,674,0
370,76,392,675,0
368,103,390,673,0
367,114,389,672,0
361,118,392,672,0
357,120,389,671,0
358,122,382,670,0
357,126,382,667,0
356,126,388,667,0
365,129,388,669,0
374,140,388,672,0
395,145,388,674,0
418,137,392,672,0
426,132,392,671,0
430,128,390,672,0
426,132,388,672,0
424,140,388,670,0
418,142,390,668,0
409,195,395,664,0
408,241,402,661,0
403,304,408,661,0
396,393,399,663,0
379,445,350,665,0
373,448,328,663,0
372,377,303,652,0
358,309,290,637,0
341,216,301,628,0
328,86,310,614,0
327,0,318,610,0
363,0,320,610,0
444,0,318,617,0
511,0,320,628,0
538,0,327,634,0
547,0,332,646,0
556,0,329,650,0
559,8,322,654,0
566,3,314,662,0
569,0,316,667,0
571,0,320,672,0
572,0,315,678,0
576,0,309,682,0
585,0,320,686,0
591,42,328,690,0
592,93,339,694,0
598,114,341,696,0
597,131,343,696,0
601,156,356,697,0
606,159,365,700,0
608,158,371,704,0
608,126,372,703,0
602,112,373,705,0
593,101,371,706,0
586,100,375,707,0
582,104,377,708,0
575,113,379,709,0
561,118,380,708,0
546,120,380,709,0
526,117,379,710,0
495,105,377,713,0
459,83,377,716,0
449,62,374,717,0
452,58,369,721,0
459,58,354,723,0
473,61,359,725,0
490,66,363,724,0
495,66,365,723,0
491,54,363,720,0
477,47,363,717,0
466,64,362,714,0
455,86,361,714,0
449,128,364,714,0
461,164,367,716,0
475,200,363,716,0
484,207,351,716,0
486,187,339,714,0
486,187,343,712,0
479,185,352,710,0
462,184,356,709,0
447,181,360,708,0
435,176,365,707,0
410,179,366,705,0
390,199,365,704,0
383,232,365,705,0
381,254,368,706,0
379,269,367,704,0
381,283,362,703,0
381,282,350,701,0
369,241,326,696,0
343,181,315,695,0
316,82,314,693,0
293,0,314,687,0
290,0,321,681,0
299,0,336,679,0
315,0,345,678,0
331,0,355,678,0
347,0,365,676,0
352,0,374,673,0
351,0,382,673,0
341,0,383,674,0
322,22,382,673,0
320,36,370,674,0
333,28,368,673,0
333,20,366,673,0
330,18,369,673,0
320,0,370,672,0
315,0,373,672,0
314,7,376,672,0
309,16,378,671,0
290,21,380,670,0
283,23,379,670,0
271,24,378,670,0
248,33,379,669,0
243,39,379,665,0
242,50,378,664,0
237,53,377,664,0
236,56,384,665,0
232,59,384,665,0
230,60,381,665,0
230,58,379,665,0
222,57,377,667,0
214,53,378,667,0
210,51,380,666,0
204,53,381,665,0
193,52,386,665,0
192,39,386,661,0
195,36,386,659,0
199,35,385,656,0
196,40,379,655,0
196,40,380,654,0
197,43,379,654,0
196,45,381,655,0
191,44,383,656,0
196,47,384,654,0
197,54,384,651,0
198,58,385,651,0
196,62,383,651,0
198,63,383,649,0
200,64,384,648,0
197,65,384,649,0
192,63,385,649,0
191,65,386,651,0
193,74,386,653,0
195,76,384,653,0
203,82,382,654,0
207,87,381,655,0
206,93,383,654,0
207,95,384,654,0
206,96,384,655,0
207,101,386,655,0
204,101,388,656,0
205,102,391,657,0
203,102,392,659,0
203,97,398,660,0
206,80,397,660,0
206,55,396,659,0
206,48,395,659,0
206,47,394,660,0
206,52,396,662,0
206,66,398,664,0
204,82,399,664,0
205,95,399,665,0
207,99,399,665,0
210,106,400,665,0
214,107,401,664,0
224,107,401,664,0
222,106,401,665,0
218,106,402,666,0
216,100,403,665,0
215,99,404,665,0
212,99,406,665,0
214,107,404,665,0
216,112,405,666,0
218,112,406,666,0
213,110,405,666,0
212,102,405,665,0
208,98,406,665,0
202,93,405,666,0
178,59,406,666,0
163,44,408,667,0
159,28,410,666,0
157,10,412,664,0
158,5,413,663,0
