F1,F2,F3,F4,F5
477,0,436,752,0
478,0,437,752,0
480,0,436,752,0
483,0,436,752,0
486,0,436,752,0
486,0,436,753,0
488,0,438,753,0
488,0,439,754,0
491,0,442,754,0
492,0,442,754,0
493,0,442,754,0
493,0,441,754,0
489,0,441,755,0
487,0,442,756,0
484,0,442,758,0
483,6,443,757,0
483,7,443,758,0
484,10,444,758,0
491,9,444,758,0
490,2,444,758,0
492,3,444,757,0
492,37,445,756,0
501,101,444,757,0
507,181,443,758,0
509,236,444,760,0
506,264,444,761,0
500,287,436,764,0
496,270,425,765,0
480,196,413,764,0
456,67,406,762,0
444,0,414,760,0
448,0,414,758,0
465,0,425,753,0
494,0,420,748,0
529,0,415,740,0
548,0,416,734,0
572,0,414,730,0
588,29,410,728,0
601,95,411,732,0
608,99,403,735,0
613,94,392,743,0
616,26,388,748,0
616,16,385,751,0
611,0,374,753,0
606,0,362,752,0
604,0,360,751,0
608,0,366,752,0
609,9,376,753,0
608,26,374,753,0
608,74,375,751,0
607,93,378,749,0
611,110,382,749,0
616,116,385,749,0
618,108,388,749,0
623,122,393,749,0
630,123,395,750,0
633,122,398,752,0
640,114,400,754,0
640,103,400,752,0
642,94,396,750,0
644,95,394,748,0
646,95,386,742,0
643,95,385,738,0
637,102,385,737,0
629,105,386,740,0
624,107,388,744,0
613,107,390,751,0
608,123,393,755,0
603,132,392,758,0
600,134,393,760,0
592,117,390,761,0
586,95,379,760,0
569,85,368,757,0
553,54,359,754,0
530,37,357,753,0
514,40,349,752,0
496,41,342,751,0
494,42,334,750,0
495,52,334,749,0
495,58,329,747,0
488,61,330,748,0
483,60,330,748,0
487,67,331,750,0
479,77,338,753,0
477,84,341,755,0
471,92,338,755,0
466,94,335,754,0
468,91,332,753,0
465,91,329,751,0
450,84,324,752,0
440,74,322,752,0
429,66,325,751,0
429,73,324,752,0
438,85,328,753,0
449,93,331,754,0
463,97,335,754,0
469,101,337,752,0
474,112,341,750,0
472,120,345,748,0
467,124,351,746,0
460,140,359,745,0
465,190,364,743,0
481,270,366,743,0
491,337,370,743,0
498,364,365,746,0
502,376,358,748,0
504,336,350,750,0
489,251,348,748,0
473,151,347,741,0
444,0,353,738,0
431,0,363,732,0
438,0,367,729,0
435,0,373,727,0
431,0,377,730,0
426,0,377,734,0
422,0,373,738,0
416,0,369,747,0
425,0,393,753,0
440,36,389,760,0
459,72,397,763,0
472,83,391,764,0
466,67,385,766,0
441,64,388,764,0
427,58,397,763,0
421,52,389,761,0
422,51,385,758,0
424,54,379,757,0
428,60,373,756,0
427,62,362,754,0
431,65,356,752,0
439,78,347,749,0
446,79,345,747,0
456,88,344,744,0
463,95,349,744,0
470,101,350,744,0
476,124,350,744,0
481,147,351,743,0
483,155,347,742,0
484,158,346,741,0
491,168,346,741,0
496,167,345,742,0
499,166,342,743,0
495,160,341,744,0
491,152,343,746,0
492,147,341,746,0
490,154,332,746,0
497,166,332,746,0
503,174,334,746,0
506,176,337,744,0
507,192,336,743,0
501,193,335,741,0
493,177,333,739,0
490,163,330,736,0
486,143,330,736,0
485,139,325,736,0
480,141,317,735,0
476,152,318,735,0
478,164,317,735,0
483,163,323,737,0
489,166,327,738,0
492,168,331,738,0
498,166,333,740,0
503,167,336,741,0
505,165,336,739,0
506,165,326,739,0
500,171,323,740,0
493,174,324,741,0
482,173,324,740,0
482,174,323,739,0
486,173,322,737,0
494,174,319,735,0
499,163,313,731,0
502,155,315,729,0
503,161,320,730,0
495,171,326,732,0
487,173,329,733,0
485,173,330,734,0
485,172,330,734,0
491,185,331,734,0
500,208,331,732,0
507,232,337,728,0
515,243,344,725,0
516,241,339,724,0
512,230,334,721,0
506,212,336,717,0
496,178,339,714,0
492,157,341,709,0
500,151,343,706,0
512,141,344,704,0
520,137,342,701,0
527,149,345,701,0
525,157,350,703,0
525,165,354,705,0
521,180,357,706,0
522,203,359,706,0
521,249,360,704,0
516,315,356,705,0
511,381,355,706,0
497,420,350,707,0
485,432,342,707,0
463,423,330,707,0
457,339,331,704,0
447,257,332,699,0
436,92,332,697,0
428,0,338,691,0
440,0,334,686,0
466,0,332,684,0
492,0,331,685,0
513,0,332,689,0
528,0,332,688,0
535,0,324,677,0
521,52,320,676,0
520,124,328,679,0
514,131,329,695,0
518,119,336,705,0
533,92,330,712,0
540,48,322,717,0
551,11,314,722,0
556,0,316,727,0
568,0,324,731,0
581,0,299,734,0
591,39,316,737,0
599,54,325,740,0
606,57,350,742,0
611,56,366,745,0
616,56,376,745,0
619,51,376,747,0
621,48,378,746,0
616,46,378,746,0
606,0,375,747,0
595,0,373,749,0
585,0,372,750,0
574,0,368,752,0
565,0,359,750,0
563,0,348,747,0
558,0,342,744,0
555,0,343,740,0
547,0,345,739,0
547,0,345,738,0
563,0,347,738,0
592,2,356,740,0
614,0,348,741,0
626,0,347,742,0
634,0,346,740,0
640,0,337,738,0
642,0,344,734,0
643,0,336,729,0
643,0,337,725,0
649,0,347,722,0
659,0,354,722,0
668,0,356,724,0
672,0,346,726,0
675,7,358,730,0
675,17,369,731,0
674,26,380,731,0
672,5,385,731,0
672,0,384,727,0
671,0,386,721,0
669,0,386,717,0
661,15,384,713,0
654,18,382,711,0
651,21,384,708,0
652,25,379,707,0
657,26,380,711,0
663,35,382,716,0
665,38,385,719,0
665,29,390,723,0
662,24,393,726,0
657,18,395,729,0
652,21,399,730,0
647,35,400,730,0
647,48,402,728,0
650,51,401,724,0
654,51,401,721,0
656,42,401,716,0
656,11,400,714,0
655,0,399,713,0
645,0,399,715,0
634,0,401,717,0
624,49,403,719,0
624,104,408,722,0
628,165,409,723,0
631,244,410,726,0
633,285,412,728,0
633,319,413,726,0
632,314,407,724,0
628,237,405,719,0
624,87,405,713,0
616,0,400,709,0
604,0,400,712,0
582,0,393,715,0
567,0,373,719,0
557,0,330,724,0
544,0,317,727,0
536,0,310,732,0
514,0,315,737,0
510,0,327,746,0
519,0,326,754,0
513,50,326,760,0
514,104,321,764,0
524,70,321,767,0
533,0,322,768,0
544,0,323,771,0
549,0,327,772,0
550,0,327,773,0
550,0,336,772,0
553,0,336,771,0
553,0,335,769,0
550,42,334,768,0
555,61,333,767,0
560,95,335,764,0
563,120,342,762,0
568,142,341,759,0
576,175,346,755,0
581,181,353,752,0
582,170,366,747,0
581,128,366,744,0
579,109,371,737,0
569,97,372,733,0
565,99,372,729,0
556,101,368,725,0
538,105,366,724,0
520,113,366,726,0
503,157,366,727,0
497,189,363,726,0
513,215,358,728,0
521,234,353,731,0
530,245,351,731,0
534,235,347,731,0
539,220,349,727,0
542,209,343,724,0
537,194,343,723,0
533,184,346,722,0
525,180,351,718,0
514,182,355,715,0
513,188,358,713,0
515,213,357,713,0
519,214,359,711,0
522,223,359,709,0
520,224,358,703,0
517,221,356,699,0
512,213,358,696,0
500,209,358,697,0
485,213,360,700,0
472,220,359,700,0
473,230,357,698,0
490,240,355,697,0
503,287,356,697,0
510,323,357,697,0
512,384,356,698,0
514,426,357,701,0
506,461,356,703,0
496,480,350,705,0
472,455,340,703,0
444,373,321,696,0
404,290,305,683,0
369,106,313,675,0
396,0,323,662,0
417,0,335,662,0
448,0,337,668,0
472,0,336,669,0
490,0,325,666,0
497,18,313,665,0
499,77,294,660,0
498,150,284,661,0
494,185,295,668,0
507,203,304,679,0
517,213,299,689,0
541,220,298,699,0
542,226,296,705,0
562,200,304,709,0
577,193,311,712,0
586,181,316,713,0
586,176,318,714,0
587,159,318,715,0
589,138,325,716,0
592,134,329,718,0
596,150,339,720,0
597,155,349,722,0
596,156,346,724,0
587,136,338,725,0
568,112,338,727,0
543,98,343,728,0
536,88,347,729,0
536,81,351,731,0
547,91,354,733,0
564,103,357,739,0
574,117,357,744,0
585,146,363,748,0
589,155,367,750,0
585,124,364,751,0
566,94,354,751,0
539,55,355,750,0
517,44,366,750,0
502,48,374,748,0
503,88,377,748,0
511,123,377,747,0
517,141,376,745,0
514,146,370,745,0
513,140,366,745,0
514,121,362,747,0
502,99,354,751,0
485,73,345,751,0
474,60,339,750,0
458,55,336,746,0
454,65,334,744,0
449,100,345,742,0
454,133,350,740,0
461,139,356,741,0
470,137,353,742,0
471,129,348,743,0
463,96,334,746,0
442,69,337,746,0
425,72,335,746,0
415,93,337,746,0
413,117,340,747,0
416,133,343,745,0
417,140,344,743,0
416,135,338,739,0
415,129,330,738,0
416,129,332,734,0
419,135,336,733,0
423,134,337,737,0
425,125,335,739,0
418,122,334,742,0
414,117,334,744,0
414,119,336,742,0
417,119,335,738,0
411,111,333,733,0
410,100,329,728,0
413,108,328,723,0
417,126,329,720,0
423,134,331,720,0
431,139,329,720,0
437,133,323,718,0
448,126,317,710,0
453,97,314,707,0
453,84,313,707,0
445,104,320,706,0
433,115,321,705,0
433,126,322,703,0
436,137,324,701,0
445,155,329,695,0
444,213,334,692,0
442,312,343,692,0
436,381,351,696,0
429,405,352,699,0
430,420,345,703,0
416,394,318,704,0
412,330,282,705,0
403,219,252,704,0
396,88,246,705,0
394,0,275,704,0
403,0,289,706,0
423,0,299,709,0
437,0,304,709,0
452,0,313,708,0
455,0,306,715,0
460,28,305,718,0
456,126,310,724,0
460,177,314,726,0
481,192,315,726,0
462,188,317,724,0
462,135,300,722,0
472,85,288,722,0
501,117,285,723,0
521,138,285,726,0
529,213,287,727,0
517,230,275,732,0
505,241,281,733,0
499,238,296,732,0
492,234,312,732,0
493,237,313,731,0
499,238,318,729,0
504,239,320,725,0
506,236,317,723,0
508,230,315,719,0
506,237,315,714,0
500,234,316,711,0
487,236,320,711,0
472,234,323,714,0
454,233,324,717,0
436,222,321,722,0
429,206,324,724,0
414,214,325,723,0
399,231,324,719,0
388,258,322,712,0
388,268,323,706,0
391,268,328,695,0
395,270,330,688,0
394,264,326,686,0
394,247,318,684,0
400,230,306,684,0
408,228,304,688,0
412,219,307,688,0
418,208,291,690,0
432,183,296,686,0
446,162,279,676,0
455,158,268,664,0
465,155,265,661,0
478,144,261,663,0
493,141,255,662,0
506,145,259,664,0
516,136,270,662,0
517,133,274,659,0
519,132,289,658,0
520,132,296,656,0
517,114,300,658,0
512,91,301,658,0
508,93,305,656,0
508,103,307,655,0
514,139,310,654,0
519,148,313,653,0
525,147,306,653,0
528,128,294,652,0
529,104,291,650,0
527,91,291,649,0
524,95,276,641,0
519,99,267,637,0
513,99,257,634,0
506,99,245,633,0
506,122,253,629,0
509,141,258,629,0
515,154,266,629,0
521,163,268,626,0
532,172,283,624,0
544,188,293,628,0
550,199,298,628,0
554,214,303,631,0
553,177,310,632,0
545,114,311,631,0
543,109,313,632,0
543,107,307,629,0
543,97,310,628,0
537,108,309,629,0
528,118,309,628,0
524,136,307,625,0
529,153,306,625,0
538,163,309,626,0
548,163,315,631,0
552,166,321,635,0
556,164,323,638,0
558,164,324,641,0
558,152,329,645,0
557,226,331,648,0
552,272,336,651,0
547,354,343,656,0
545,401,343,659,0
536,440,342,662,0
526,471,340,662,0
506,475,331,658,0
487,448,316,654,0
474,372,304,650,0
459,304,281,642,0
453,132,270,641,0
454,0,282,639,0
461,0,289,642,0
466,0,296,647,0
468,0,299,652,0
475,0,298,655,0
488,0,301,657,0
493,1,301,659,0
494,80,281,663,0
517,138,258,668,0
524,166,254,676,0
525,136,269,691,0
525,135,284,705,0
545,130,287,714,0
557,130,307,718,0
569,114,317,722,0
580,98,321,726,0
592,94,323,729,0
599,95,330,733,0
603,105,341,739,0
608,108,351,742,0
612,115,356,745,0
613,117,358,747,0
611,111,367,748,0
608,111,375,747,0
608,99,376,747,0
609,101,380,747,0
605,96,376,747,0
594,90,366,751,0
584,83,356,752,0
578,88,355,751,0
578,92,357,751,0
582,95,361,750,0
585,97,366,751,0
585,113,370,753,0
586,115,374,752,0
589,101,361,749,0
590,93,349,748,0
590,97,357,747,0
585,100,362,748,0
574,102,371,751,0
567,101,375,750,0
562,102,372,749,0
561,116,371,749,0
564,120,362,748,0
563,117,356,746,0
562,114,348,746,0
564,108,331,751,0
563,102,330,752,0
560,104,334,755,0
562,114,338,755,0
566,115,342,754,0
570,111,342,749,0
569,101,326,744,0
569,107,328,741,0
565,130,334,742,0
565,134,336,743,0
568,135,340,743,0
568,132,341,747,0
565,135,344,746,0
557,138,350,744,0
541,141,351,740,0
525,144,348,737,0
513,142,343,731,0
511,156,343,727,0
512,180,347,725,0
505,243,352,727,0
488,306,356,731,0
464,343,365,737,0
452,372,368,740,0
444,373,356,740,0
441,330,331,736,0
434,251,304,730,0
424,122,284,721,0
415,43,273,718,0
421,0,273,716,0
429,0,287,715,0
440,0,290,714,0
456,0,289,713,0
459,0,285,711,0
459,0,283,708,0
441,0,277,704,0
412,8,272,700,0
406,86,272,696,0
389,119,279,691,0
393,123,299,685,0
370,90,279,678,0
410,45,261,670,0
413,38,250,665,0
418,22,236,656,0
427,0,237,648,0
451,10,233,647,0
479,77,251,646,0
512,127,252,656,0
527,136,248,666,0
533,141,245,671,0
536,139,241,675,0
537,143,234,676,0
537,145,246,676,0
538,146,250,676,0
539,143,260,677,0
543,143,269,679,0
551,144,273,681,0
566,165,277,683,0
575,180,278,686,0
582,180,280,689,0
587,174,282,692,0
592,168,278,693,0
594,157,282,690,0
593,129,287,688,0
592,133,290,681,0
593,170,291,684,0
592,186,300,691,0
588,228,316,703,0
577,246,317,713,0
574,242,309,717,0
558,244,304,721,0
545,247,310,721,0
540,253,311,720,0
534,242,310,719,0
531,201,301,717,0
522,170,297,716,0
522,156,292,713,0
518,186,297,710,0
512,203,301,712,0
506,219,301,713,0
503,225,298,715,0
510,215,297,716,0
509,213,300,715,0
498,197,294,717,0
476,191,297,717,0
466,185,301,718,0
469,187,304,718,0
472,200,307,718,0
473,212,308,717,0
466,224,305,715,0
453,220,303,711,0
442,212,304,710,0
423,196,302,709,0
389,190,298,708,0
374,194,297,707,0
363,194,298,707,0
365,196,296,704,0
372,208,297,704,0
370,205,299,704,0
365,183,301,704,0
360,172,303,705,0
370,133,302,704,0
363,119,304,701,0
358,125,305,703,0
352,128,308,707,0
344,100,303,708,0
341,78,298,709,0
345,59,300,710,0
352,52,299,710,0
356,55,300,710,0
336,68,300,712,0
325,68,300,712,0
326,87,299,711,0
341,120,294,710,0
354,169,298,708,0
365,212,304,708,0
371,250,310,709,0
377,311,315,711,0
377,383,319,712,0
367,437,324,716,0
374,460,318,717,0
372,457,300,718,0
367,388,280,716,0
361,283,255,712,0
347,173,218,706,0
334,85,201,706,0
340,0,225,707,0
350,0,238,708,0
386,0,243,710,0
419,0,255,715,0
443,57,262,722,0
481,100,256,726,0
513,156,252,731,0
531,166,274,738,0
543,168,312,740,0
553,135,304,743,0
551,125,319,744,0
542,131,340,741,0
522,134,365,739,0
504,137,384,734,0
489,115,397,734,0
488,132,400,735,0
491,133,399,740,0
497,135,399,744,0
504,128,400,746,0
510,100,395,747,0
514,95,393,747,0
512,77,383,745,0
500,71,379,745,0
493,71,379,744,0
496,76,379,744,0
496,74,371,746,0
501,76,367,744,0
514,79,362,743,0
523,80,356,744,0
523,82,346,746,0
522,73,332,746,0
531,64,324,745,0
540,57,309,741,0
556,29,303,734,0
565,0,301,728,0
573,0,294,722,0
580,0,295,713,0
587,0,299,710,0
593,0,297,708,0
598,0,298,706,0
606,0,298,702,0
610,0,298,700,0
615,0,307,698,0
615,0,309,696,0
614,0,309,696,0
610,0,307,696,0
610,0,310,694,0
609,22,316,694,0
606,36,324,695,0
600,40,330,694,0
597,40,327,692,0
596,32,321,691,0
592,30,322,692,0
589,36,320,692,0
587,48,323,692,0
591,71,331,692,0
596,80,333,692,0
598,61,333,690,0
599,48,331,688,0
600,37,328,684,0
601,0,326,681,0
602,0,332,684,0
606,0,338,688,0
609,16,342,690,0
607,33,344,691,0
608,38,344,691,0
611,40,345,689,0
616,34,345,688,0
616,36,346,690,0
614,44,348,692,0
614,63,351,693,0
613,71,349,694,0
612,74,348,694,0
609,61,347,690,0
602,62,346,684,0
600,72,347,679,0
599,94,348,678,0
593,115,352,683,0
586,136,358,688,0
581,177,364,691,0
580,201,365,692,0
581,230,362,692,0
582,241,356,691,0
588,252,355,690,0
598,287,359,690,0
604,352,362,692,0
608,383,372,696,0
609,395,360,698,0
604,385,340,699,0
597,326,317,698,0
589,216,291,695,0
575,151,267,692,0
566,30,277,693,0
563,0,292,693,0
573,0,304,694,0
582,0,310,695,0
595,0,305,690,0
600,0,300,689,0
603,10,302,692,0
606,92,305,695,0
612,151,311,704,0
609,176,322,711,0
601,150,310,719,0
579,110,288,725,0
558,59,250,728,0
544,35,233,724,0
557,32,224,720,0
557,30,222,719,0
578,57,231,719,0
596,118,225,720,0
603,154,222,724,0
604,204,225,730,0
600,225,235,732,0
596,232,250,733,0
598,239,266,732,0
598,240,274,731,0
600,236,277,731,0
605,231,285,732,0
608,225,288,732,0
609,228,292,730,0
609,230,297,727,0
607,239,299,725,0
597,240,305,724,0
587,240,306,726,0
570,245,308,729,0
547,242,308,730,0
513,242,310,729,0
484,237,310,723,0
469,239,308,711,0
470,237,307,706,0
478,222,299,701,0
473,225,288,695,0
487,230,285,689,0
497,230,281,683,0
495,222,272,679,0
487,211,272,677,0
477,213,271,676,0
477,234,287,677,0
477,248,292,678,0
469,248,296,681,0
466,246,298,682,0
468,247,302,678,0
478,259,303,675,0
492,262,303,672,0
497,262,305,669,0
501,262,306,670,0
498,261,310,674,0
497,261,312,681,0
496,252,319,689,0
493,220,318,691,0
485,211,313,690,0
482,222,313,687,0
468,226,319,683,0
458,234,318,679,0
458,238,316,675,0
458,235,315,673,0
457,242,315,677,0
451,244,314,679,0
436,244,317,681,0
431,239,315,682,0
425,218,311,681,0
414,208,315,678,0
405,198,316,677,0
402,196,317,675,0
400,194,318,673,0
400,197,320,670,0
400,212,322,667,0
396,217,321,664,0
398,227,321,665,0
395,244,320,666,0
389,250,319,668,0
381,264,320,670,0
381,263,320,673,0
373,252,322,675,0
370,250,319,675,0
357,260,324,675,0
352,270,328,675,0
345,291,333,672,0
338,324,335,669,0
339,355,335,668,0
339,391,336,666,0
344,406,331,660,0
336,381,308,655,0
319,319,303,650,0
303,201,285,647,0
268,48,277,649,0
272,0,288,657,0
272,0,305,662,0
307,0,311,664,0
330,0,316,667,0
328,0,317,677,0
305,1,321,691,0
303,100,334,701,0
336,188,346,715,0
366,215,362,719,0
386,216,369,726,0
402,219,391,722,0
378,224,391,711,0
359,209,392,707,0
363,193,387,706,0
367,220,391,709,0
378,227,396,713,0
387,221,391,717,0
401,206,381,719,0
406,193,376,720,0
413,182,381,721,0
415,175,380,720,0
414,159,374,719,0
413,161,372,717,0
414,156,373,716,0
420,162,371,717,0
420,181,372,718,0
423,183,363,718,0
423,186,359,714,0
425,197,359,712,0
430,199,350,710,0
433,201,343,706,0
438,217,335,703,0
443,207,326,704,0
448,225,334,707,0
463,232,332,709,0
480,230,328,712,0
487,228,327,716,0
491,197,323,716,0
492,193,323,717,0
488,196,329,717,0
489,208,331,719,0
493,217,338,722,0
489,215,312,725,0
485,205,307,727,0
477,193,307,727,0
469,189,310,726,0
461,189,316,724,0
455,173,324,722,0
460,174,326,722,0
465,181,332,724,0
467,175,333,724,0
468,167,329,724,0
465,143,325,722,0
451,123,321,719,0
431,89,325,717,0
422,88,328,716,0
428,96,334,715,0
435,128,336,717,0
436,148,337,719,0
433,165,334,720,0
431,171,333,720,0
426,161,331,718,0
423,147,333,714,0
422,142,334,712,0
434,123,336,718,0
452,104,330,724,0
456,100,326,730,0
458,109,328,734,0
460,128,328,735,0
454,132,325,734,0
445,133,326,730,0
445,132,323,728,0
448,135,325,725,0
447,142,328,723,0
447,143,329,723,0
447,145,332,723,0
447,149,334,726,0
447,157,335,728,0
440,172,341,729,0
435,196,345,728,0
434,252,357,726,0
437,320,365,726,0
441,359,368,728,0
440,374,366,729,0
430,394,361,733,0
419,393,341,733,0
411,360,322,729,0
406,277,306,721,0
405,167,297,715,0
411,77,302,709,0
432,8,301,704,0
460,0,300,699,0
496,0,309,697,0
520,32,317,690,0
538,67,329,686,0
551,117,329,687,0
562,136,328,698,0
569,166,322,708,0
565,147,326,713,0
560,97,315,716,0
540,54,295,713,0
534,47,282,711,0
531,44,274,707,0
571,50,282,708,0
585,74,279,710,0
593,100,274,714,0
597,112,270,718,0
599,123,271,721,0
598,122,274,722,0
597,124,277,722,0
587,126,284,722,0
591,126,292,723,0
602,139,291,724,0
617,150,294,726,0
630,165,296,729,0
635,179,294,730,0
637,173,279,729,0
632,142,268,728,0
624,142,266,728,0
612,127,263,726,0
611,133,262,728,0
617,154,266,728,0
636,191,273,730,0
651,202,273,733,0
658,209,274,735,0
663,215,273,734,0
663,217,272,731,0
662,215,274,727,0
661,212,272,725,0
653,192,268,722,0
640,159,261,719,0
628,161,256,717,0
635,160,254,714,0
640,175,259,714,0
657,194,257,714,0
665,224,259,715,0
666,236,263,717,0
666,227,265,718,0
659,212,267,716,0
651,184,268,715,0
644,171,273,711,0
637,175,275,707,0
641,185,275,707,0
653,216,276,707,0
655,223,277,708,0
652,221,281,709,0
651,214,284,708,0
651,199,280,705,0
651,173,279,705,0
651,173,285,705,0
650,195,286,704,0
647,208,284,705,0
644,206,286,705,0
643,208,297,703,0
646,206,295,698,0
654,204,293,695,0
659,204,296,697,0
663,206,296,700,0
663,209,308,703,0
663,212,310,705,0
659,209,315,706,0
659,210,317,704,0
661,210,316,701,0
664,197,310,698,0
667,199,313,696,0
671,206,318,697,0
672,224,322,699,0
670,238,330,704,0
667,254,334,706,0
665,274,342,708,0
665,287,346,707,0
668,293,344,704,0
670,294,347,702,0
671,294,352,703,0
670,295,354,704,0
668,297,352,704,0
666,311,360,706,0
662,317,364,708,0
660,338,370,706,0
658,388,374,707,0
650,407,375,708,0
637,400,371,709,0
623,344,364,707,0
608,246,344,701,0
595,180,312,692,0
592,67,311,690,0
585,0,315,691,0
585,0,317,699,0
574,0,317,704,0
563,0,327,711,0
540,0,341,720,0
529,35,364,729,0
526,83,397,736,0
537,178,436,745,0
552,201,459,752,0
555,203,479,753,0
533,195,483,747,0
485,176,486,743,0
465,164,493,739,0
465,158,490,738,0
485,169,493,740,0
503,180,495,744,0
518,204,498,746,0
525,207,496,746,0
530,200,496,748,0
532,172,493,748,0
535,158,484,748,0
533,153,480,747,0
530,167,477,747,0
527,166,470,746,0
523,161,467,745,0
512,144,457,745,0
495,121,449,743,0
492,117,445,742,0
495,121,446,743,0
486,118,443,746,0
481,109,443,747,0
481,102,436,747,0
471,100,432,746,0
456,104,429,743,0
447,101,425,737,0
442,110,432,734,0
434,115,426,730,0
425,112,423,727,0
419,107,422,725,0
422,103,417,723,0
433,103,417,721,0
448,107,421,720,0
455,108,416,718,0
459,90,408,716,0
449,84,398,715,0
439,77,393,712,0
432,64,365,706,0
421,56,349,695,0
402,45,337,687,0
402,56,326,682,0
413,75,322,681,0
424,92,330,682,0
422,98,323,685,0
422,99,323,686,0
424,98,318,685,0
433,95,313,681,0
431,78,313,678,0
414,55,317,679,0
391,70,325,677,0
375,86,332,678,0
393,122,343,682,0
408,157,352,686,0
422,178,359,690,0
431,209,362,690,0
423,228,362,688,0
413,216,357,687,0
404,180,351,686,0
376,171,348,686,0
353,151,350,685,0
353,171,353,685,0
371,246,362,684,0
401,335,365,687,0
415,375,368,687,0
422,405,371,687,0
424,414,363,687,0
397,360,348,686,0
356,274,307,687,0
301,126,289,687,0
262,37,293,686,0
272,0,292,682,0
294,0,272,671,0
361,0,262,657,0
425,0,251,642,0
480,0,239,639,0
519,0,246,624,0
551,35,261,636,0
575,81,273,651,0
589,63,292,666,0
594,47,299,674,0
592,46,297,683,0
601,0,290,692,0
605,9,274,704,0
600,8,271,710,0
595,17,280,711,0
597,74,289,713,0
597,80,289,712,0
597,84,292,709,0
603,79,298,710,0
613,62,301,709,0
612,60,306,711,0
612,60,313,709,0
614,59,310,708,0
619,57,306,710,0
620,52,299,713,0
618,50,300,711,0
613,44,298,710,0
607,23,294,709,0
594,15,293,708,0
581,40,294,706,0
577,54,298,706,0
586,87,302,708,0
604,104,306,710,0
621,118,315,716,0
628,97,317,724,0
633,81,326,727,0
636,75,327,726,0
636,62,336,724,0
629,41,337,726,0
616,39,344,728,0
597,43,346,725,0
579,46,339,719,0
549,48,317,713,0
546,58,308,706,0
554,57,301,697,0
561,53,304,695,0
566,51,305,697,0
565,52,309,703,0
566,55,313,707,0
562,62,318,710,0
555,91,317,713,0
546,89,321,717,0
539,75,321,717,0
541,88,319,715,0
538,125,325,716,0
534,130,326,719,0
541,149,333,722,0
542,152,334,721,0
534,146,327,720,0
520,94,323,720,0
507,93,331,719,0
498,106,332,719,0
499,163,332,715,0
509,265,335,713,0
515,320,343,712,0
516,372,338,712,0
505,388,326,712,0
489,370,317,708,0
468,277,285,703,0
426,179,258,700,0
374,0,261,702,0
344,0,278,702,0
323,0,282,702,0
315,0,284,699,0
328,0,284,699,0
350,0,280,708,0
342,0,307,718,0
362,0,328,726,0
380,0,358,735,0
391,63,374,741,0
384,99,386,741,0
350,91,391,732,0
303,34,394,727,0
249,0,400,715,0
205,0,403,707,0
214,0,405,701,0
236,0,405,701,0
270,0,402,704,0
284,43,407,707,0
305,48,407,710,0
318,55,412,713,0
326,59,412,712,0
331,59,402,708,0
330,56,391,705,0
318,56,389,703,0
311,63,408,701,0
307,109,414,703,0
294,142,415,705,0
294,141,414,706,0
293,99,402,709,0
309,84,398,710,0
287,56,389,710,0
262,68,384,711,0
230,77,375,710,0
202,88,359,710,0
177,74,336,708,0
171,66,322,698,0
168,68,323,685,0
174,129,321,675,0
172,144,327,673,0
190,146,325,670,0
197,142,331,666,0
198,101,326,669,0
205,75,323,671,0
200,67,317,670,0
205,68,320,665,0
229,78,327,659,0
254,88,331,657,0
268,94,332,657,0
271,96,337,658,0
283,100,342,656,0
286,101,342,657,0
270,99,342,657,0
258,97,344,660,0
245,96,346,665,0
254,92,345,663,0
264,92,336,662,0
267,94,330,660,0
270,98,332,660,0
266,98,334,658,0
266,96,338,656,0
268,104,342,656,0
272,126,341,654,0
276,132,353,651,0
278,141,358,651,0
273,144,363,652,0
268,141,365,657,0
264,120,364,661,0
261,120,364,662,0
271,146,363,662,0
277,210,362,661,0
286,282,366,659,0
289,355,367,661,0
294,389,367,662,0
287,412,351,661,0
270,406,326,661,0
247,338,302,659,0
211,254,283,652,0
173,107,273,647,0
159,0,279,637,0
179,0,289,630,0
221,0,293,627,0
262,0,293,627,0
329,0,293,626,0
356,0,289,624,0
374,0,290,611,0
378,3,296,604,0
378,78,316,602,0
396,130,336,606,0
413,156,343,621,0
409,122,351,640,0
423,63,350,641,0
442,11,338,652,0
448,0,323,663,0
445,0,320,668,0
459,0,327,671,0
466,24,330,674,0
464,38,335,675,0
463,37,337,670,0
468,40,338,669,0
480,87,345,673,0
496,90,347,678,0
519,93,351,688,0
536,93,355,694,0
542,96,362,696,0
543,95,367,698,0
538,91,368,699,0
534,55,364,696,0
528,0,355,692,0
529,0,359,688,0
537,16,369,687,0
544,40,374,685,0
552,0,376,681,0
559,0,378,676,0
569,9,380,675,0
584,40,377,676,0
600,47,375,677,0
612,36,366,677,0
621,22,367,676,0
628,2,370,676,0
632,1,374,680,0
638,0,380,685,0
643,0,388,689,0
648,0,395,697,0
652,2,406,701,0
658,17,415,707,0
660,27,419,711,0
662,9,421,716,0
663,5,422,718,0
663,1,419,720,0
659,9,415,720,0
655,0,407,720,0
650,0,399,715,0
647,0,400,712,0
648,1,403,707,0
649,0,413,707,0
650,0,418,706,0
650,0,419,706,0
646,13,421,704,0
641,4,419,701,0
632,4,418,701,0
622,0,419,696,0
601,0,416,692,0
600,0,415,693,0
590,33,414,700,0
576,44,415,706,0
554,53,415,713,0
534,62,415,716,0
515,67,418,717,0
514,51,419,716,0
518,35,420,713,0
523,43,420,712,0
524,45,421,715,0
520,33,423,720,0
508,18,419,724,0
489,20,419,726,0
469,20,419,726,0
449,33,421,725,0
429,42,423,724,0
423,53,424,724,0
415,56,418,725,0
401,51,411,728,0
373,30,396,729,0
349,0,391,728,0
326,0,378,725,0
301,0,377,724,0
295,0,385,722,0
298,0,386,719,0
302,0,386,719,0
312,0,383,722,0
323,0,381,724,0
346,0,382,724,0
364,23,387,725,0
376,56,393,725,0
373,63,402,725,0
353,62,407,725,0
319,59,408,727,0
310,46,406,725,0
297,0,403,722,0
296,0,404,722,0
298,0,405,721,0
300,0,401,720,0
298,0,390,718,0
284,0,387,715,0
281,0,386,713,0
266,0,377,712,0
263,0,370,708,0
264,0,367,704,0
272,0,366,702,0
301,0,368,702,0
328,0,370,703,0
343,0,372,706,0
341,0,375,707,0
330,0,377,709,0
322,0,379,706,0
302,0,383,704,0
307,0,383,699,0
311,0,381,694,0
327,0,379,695,0
341,0,378,696,0
347,0,379,696,0
343,0,376,696,0
328,0,372,697,0
300,0,366,699,0
299,26,369,701,0
310,66,377,703,0
318,120,384,705,0
340,162,386,703,0
359,183,387,705,0
366,203,387,701,0
366,242,389,698,0
363,272,391,696,0
356,282,390,696,0
347,277,386,695,0
328,207,372,688,0
307,96,360,681,0
283,18,347,679,0
274,0,344,679,0
271,0,327,684,0
266,0,331,687,0
282,0,336,687,0
300,0,338,688,0
308,0,345,686,0
310,9,345,684,0
306,47,344,681,0
300,50,346,679,0
292,3,349,677,0
281,0,353,673,0
282,0,368,674,0
276,18,372,677,0
266,36,376,679,0
259,45,378,679,0
255,37,377,679,0
255,42,375,678,0
243,53,377,678,0
236,55,380,677,0
227,60,378,678,0
213,62,379,678,0
202,62,379,676,0
206,60,376,673,0
217,63,375,671,0
230,64,374,672,0
232,68,370,674,0
231,67,368,675,0
221,68,368,675,0
216,70,368,678,0
213,67,371,679,0
204,53,371,679,0
210,57,371,680,0
211,61,372,681,0
205,68,374,683,0
202,72,374,683,0
202,71,374,681,0
208,72,375,681,0
205,71,377,680,0
207,70,376,676,0
210,65,378,673,0
213,59,378,670,0
205,52,379,668,0
185,52,375,664,0
173,22,375,663,0
156,20,374,653,0
151,16,376,651,0
156,18,373,651,0
158,20,372,652,0
161,21,376,654,0
162,30,373,656,0
167,39,375,657,0
166,51,375,657,0
157,53,376,659,0
158,51,377,660,0
159,37,377,660,0
157,18,378,660,0
154,16,377,660,0
154,13,377,658,0
157,12,376,658,0
158,8,377,659,0
165,10,377,660,0
166,38,379,661,0
170,44,378,662,0
170,52,378,664,0
171,61,379,664,0
172,64,381,663,0
168,64,380,662,0
167,61,380,661,0
168,50,379,662,0
163,34,380,663,0
157,16,380,664,0
152,16,381,666,0
151,24,380,666,0
150,55,380,667,0
153,54,381,667,0
159,49,381,666,0
161,39,381,666,0
167,54,382,667,0
168,55,380,668,0
174,62,380,670,0
174,65,382,671,0
175,67,383,672,0
178,67,382,671,0
181,63,382,670,0
186,65,383,669,0
190,66,385,670,0
192,68,386,671,0
193,70,385,672,0
190,72,387,674,0
189,72,390,674,0
191,71,389,675,0
194,65,389,675,0
198,56,388,675,0
200,43,388,674,0
202,35,388,674,0
210,44,389,674,0
213,52,391,675,0
213,60,393,675,0
216,60,393,677,0
220,61,393,677,0
224,61,396,676,0
231,62,395,676,0
238,63,396,676,0
246,65,397,676,0
255,64,396,675,0
257,62,396,676,0
256,57,395,676,0
252,53,398,676,0
255,50,400,678,0
255,46,401,679,0
261,9,401,679,0
265,10,401,679,0
269,14,401,679,0
273,15,401,679,0
273,15,402,679,0
266,7,402,679,0
264,0,402,680,0
258,0,401,679,0
