F1,F2,F3,F4,F5
310,211,175,323,411
313,212,177,320,412
313,214,177,322,413
314,212,182,324,412
313,210,181,325,412
315,210,183,326,407
325,196,182,326,397
325,198,182,328,399
316,201,183,327,402
327,193,179,324,402
340,193,178,325,397
349,196,178,329,394
356,199,174,326,403
365,196,172,327,395
377,197,172,330,398
384,198,165,331,399
390,199,164,332,399
395,200,163,333,398
402,207,162,334,396
418,208,156,328,393
424,204,156,329,387
426,207,156,331,383
423,206,153,333,382
423,208,152,333,387
416,217,150,338,395
410,225,157,340,396
412,229,155,345,397
421,228,158,345,396
427,230,151,347,383
431,234,153,350,384
436,246,161,353,379
440,268,162,358,376
446,315,178,360,365
460,379,183,358,351
473,454,183,358,335
478,457,187,357,331
475,440,172,357,333
465,373,167,354,333
447,232,161,354,332
427,20,160,363,323
416,0,159,373,329
416,0,156,378,330
433,0,162,381,346
450,0,172,386,373
472,0,180,386,382
480,0,179,388,398
488,0,177,380,411
491,0,167,367,422
484,0,161,354,428
477,85,160,348,432
472,130,159,340,431
470,142,159,334,433
469,139,158,332,432
469,139,157,331,434
459,138,160,331,437
451,162,159,328,434
438,167,149,325,436
433,166,107,318,436
430,162,85,322,438
423,163,73,324,444
419,169,63,317,451
414,179,66,299,461
413,186,66,288,468
417,194,65,290,474
422,196,70,290,479
422,191,74,298,482
424,207,91,323,484
431,209,104,338,487
444,216,111,343,486
454,218,109,346,486
459,214,104,350,485
464,212,95,350,483
465,211,105,349,484
471,213,105,314,483
477,209,95,294,481
466,203,99,284,482
452,187,97,272,474
450,171,105,277,471
446,155,120,292,471
452,126,117,296,474
459,133,117,313,476
462,138,123,315,475
472,123,133,313,472
477,127,160,320,473
488,118,170,320,477
502,115,169,321,473
516,116,172,323,471
524,124,176,320,464
540,126,174,328,451
552,126,172,324,446
557,119,172,330,438
561,139,170,328,438
563,135,156,334,441
573,127,147,348,437
576,125,133,358,434
580,127,136,363,437
578,115,141,370,434
577,128,132,379,437
589,139,135,396,437
604,184,144,418,432
617,202,146,433,425
626,214,150,436,415
634,218,154,434,417
637,220,157,430,422
634,219,155,424,426
628,194,139,412,424
625,199,99,410,425
626,192,107,419,424
627,203,118,421,423
630,212,135,431,421
641,220,145,439,414
646,235,149,436,409
651,265,154,431,404
652,286,153,432,405
648,325,154,438,402
641,371,155,444,395
630,424,161,448,389
627,465,173,448,379
627,496,170,448,373
624,506,173,445,371
624,489,174,443,364
623,413,176,443,364
615,311,176,442,357
593,218,169,439,350
561,112,161,435,353
518,0,153,428,362
476,0,147,410,363
423,0,125,349,377
376,0,115,303,390
326,0,96,279,403
282,0,64,314,416
268,28,58,344,425
284,116,73,373,436
290,181,82,394,435
283,198,86,414,446
298,193,82,430,448
326,182,79,453,450
361,182,111,467,447
410,196,132,479,445
447,208,137,484,444
459,215,142,487,441
460,209,143,486,438
464,201,140,482,440
475,200,139,479,440
492,206,135,477,442
498,208,136,485,444
496,220,134,489,446
479,225,135,494,446
448,216,135,492,448
419,202,136,483,451
398,198,135,476,456
365,207,133,473,458
349,215,136,474,463
353,203,135,475,468
329,179,135,477,469
276,171,129,460,465
229,152,135,457,460
218,156,134,464,459
238,185,139,467,448
260,188,139,463,439
277,197,139,473,433
277,204,133,479,432
278,206,126,478,436
290,203,121,469,449
313,203,113,469,455
330,201,130,475,457
323,210,139,479,460
307,207,143,481,463
285,205,149,475,463
261,203,147,470,460
250,197,151,468,456
246,201,145,470,446
239,202,146,473,440
223,195,142,486,445
215,197,150,492,452
199,192,150,487,456
178,182,146,489,461
143,162,139,493,464
129,149,124,497,467
111,142,117,500,479
115,147,102,502,484
126,149,95,511,485
134,158,87,519,485
141,150,87,523,488
144,128,78,530,487
150,112,69,533,486
162,106,60,541,484
172,109,59,546,485
193,113,50,552,489
214,124,32,556,491
236,133,36,561,491
265,168,41,563,495
328,215,45,564,497
372,315,62,566,506
408,407,82,568,511
430,481,98,570,504
438,526,106,563,498
432,547,112,548,488
416,541,114,538,485
394,487,97,535,480
359,409,54,532,470
337,278,5,528,455
334,86,0,527,449
341,0,0,526,452
362,0,0,508,450
405,0,0,490,439
427,0,0,429,423
438,0,0,343,401
445,0,0,293,393
455,0,0,293,396
475,91,0,315,415
475,192,0,344,436
495,216,0,378,444
519,195,0,429,446
531,160,0,459,447
538,145,0,477,438
540,139,0,491,428
543,154,0,493,404
551,151,10,491,386
558,146,0,494,363
561,155,0,492,347
566,164,0,493,340
575,173,0,494,335
578,181,0,499,328
578,200,0,509,324
584,205,0,515,317
587,204,2,525,316
591,212,5,531,312
599,232,3,526,304
614,240,0,507,283
629,213,0,500,270
644,196,0,493,270
649,184,0,504,267
653,187,0,512,270
656,196,0,520,273
657,192,0,527,277
658,203,0,530,283
656,210,0,523,278
652,217,0,519,276
653,207,0,521,276
655,192,0,522,274
659,194,0,514,279
661,191,0,516,280
661,194,0,523,282
660,200,0,526,288
659,202,0,528,288
657,202,0,527,289
651,192,0,528,287
644,176,12,528,289
647,178,25,526,300
654,189,24,524,306
661,178,11,528,307
672,176,0,525,297
681,178,0,524,294
685,183,0,515,297
683,194,38,524,296
674,215,58,520,304
666,255,80,510,309
660,336,114,507,311
653,400,132,507,310
644,436,133,506,304
639,447,111,504,301
634,409,86,508,299
630,323,56,512,304
628,193,15,512,298
622,0,0,515,289
610,0,0,516,279
606,0,0,519,292
611,0,0,527,304
620,0,0,533,313
628,0,0,532,319
630,210,38,519,323
629,392,56,504,325
625,463,65,500,321
624,479,69,495,319
628,462,62,492,318
632,435,65,487,315
640,400,72,494,315
647,362,56,508,308
650,329,64,518,307
646,280,57,522,308
634,210,48,526,309
618,95,38,524,316
599,0,33,522,321
571,0,21,521,319
541,0,6,514,325
513,0,0,509,330
490,0,0,501,333
465,0,2,501,346
448,0,19,514,363
451,0,5,529,379
450,0,4,543,387
440,0,0,552,409
445,124,0,561,424
458,208,0,562,434
475,225,9,571,439
486,202,10,575,443
474,197,10,578,450
467,140,7,579,455
472,124,24,579,457
490,134,25,577,453
508,143,26,572,456
510,140,24,570,453
505,143,31,570,454
499,139,30,570,457
498,142,37,575,466
507,171,44,579,476
517,193,67,581,480
522,214,76,582,487
523,223,79,582,492
515,227,82,583,493
506,229,94,585,494
507,246,100,586,494
515,257,101,580,494
525,258,96,575,495
526,252,94,571,493
512,221,89,567,493
485,207,88,564,490
454,199,82,569,490
433,211,92,570,489
428,213,97,570,490
429,203,100,568,491
430,217,103,568,494
439,241,107,565,495
443,248,109,557,498
448,246,113,546,496
448,254,115,537,499
449,242,114,526,503
448,240,113,521,507
444,241,115,518,510
440,246,117,512,510
433,251,118,512,514
432,253,119,512,516
435,272,132,512,517
439,291,131,513,521
442,311,141,511,525
439,319,152,507,527
433,356,164,500,531
425,376,178,498,531
411,404,196,494,534
400,435,208,492,535
391,469,220,491,538
395,497,230,490,536
395,523,234,488,534
387,530,232,484,531
373,506,219,479,523
356,439,206,471,514
348,323,175,466,507
340,120,130,465,490
355,0,120,467,484
376,0,120,453,480
381,0,111,414,479
400,0,88,369,461
443,0,56,322,435
487,0,11,317,417
519,0,0,320,408
548,0,0,349,401
572,185,26,387,406
603,234,74,431,416
621,265,103,440,421
621,273,104,448,412
618,282,85,458,403
613,268,75,462,385
618,240,80,473,373
624,219,91,487,360
636,219,100,497,352
642,221,101,507,345
649,226,111,516,329
654,231,115,520,332
660,233,117,529,333
663,237,114,531,338
664,237,105,530,341
667,231,91,528,339
672,227,76,530,326
681,234,57,531,323
694,238,36,528,323
700,256,29,530,306
704,264,48,531,305
706,272,43,528,308
707,272,34,523,307
709,275,29,523,310
714,282,26,511,313
718,287,22,505,308
720,282,16,499,295
720,293,27,503,284
720,286,27,505,279
716,284,32,511,272
707,282,50,518,270
704,280,60,516,270
701,277,73,514,270
702,279,79,518,266
705,277,83,524,262
708,270,83,529,242
709,264,86,528,246
708,257,87,531,240
708,246,85,536,241
704,247,90,541,245
701,254,96,543,246
697,261,96,545,250
695,276,104,550,257
696,295,112,551,263
700,321,116,555,279
703,340,127,557,284
706,392,139,560,288
711,436,144,561,287
715,464,140,561,286
716,476,133,560,272
714,440,121,558,275
709,336,83,556,263
696,226,43,558,246
682,109,0,545,237
670,0,0,532,244
649,0,0,518,242
629,0,0,500,261
608,0,0,485,264
578,0,0,493,264
549,0,0,480,269
532,0,0,457,284
517,0,0,456,297
500,136,0,454,331
495,240,0,452,366
477,278,9,465,399
464,266,30,468,416
466,273,38,474,441
469,265,60,471,445
469,256,67,450,448
476,238,69,446,450
483,222,76,448,456
488,212,76,448,457
485,199,75,451,460
457,202,83,458,460
437,218,95,465,462
440,237,97,470,465
451,251,93,472,468
456,238,86,470,467
463,227,87,473,469
470,238,90,481,466
492,244,110,487,466
511,250,115,494,462
524,243,109,497,461
530,213,102,493,458
526,163,82,485,459
512,133,81,482,461
489,158,74,487,465
459,185,79,496,468
433,199,89,500,469
424,235,106,499,471
398,246,120,496,473
392,262,122,485,477
402,272,127,481,480
431,281,131,479,483
449,299,133,483,488
471,311,144,488,493
484,325,141,490,494
494,338,136,486,494
495,342,140,481,497
486,348,142,480,497
466,364,153,478,499
452,403,168,471,507
453,444,173,468,513
468,491,192,465,513
482,526,209,462,511
487,537,220,461,509
486,538,215,465,505
467,504,195,466,498
435,417,168,465,492
425,287,141,466,473
419,39,137,472,463
419,0,122,482,454
440,0,116,473,445
485,0,108,434,431
515,0,104,401,389
534,0,74,378,371
544,0,88,368,352
552,0,88,388,346
562,114,89,425,348
573,202,115,436,349
585,228,132,438,354
599,229,126,439,369
600,224,114,443,366
596,223,108,445,362
599,235,109,463,352
609,251,124,475,356
618,264,133,485,341
625,263,128,506,333
629,263,140,518,328
631,270,147,527,331
634,261,165,529,328
635,258,168,532,331
632,248,170,538,330
631,243,169,540,334
629,248,191,542,329
632,258,184,541,327
638,260,164,539,320
644,267,139,542,311
650,261,136,541,311
651,267,140,546,312
645,274,150,549,310
641,282,155,551,310
638,291,168,549,307
642,287,162,551,301
646,288,144,554,285
643,282,136,556,293
649,275,130,561,290
651,274,143,564,293
651,278,150,571,296
652,284,155,574,295
654,288,160,575,291
657,293,151,575,280
661,292,145,576,265
666,290,142,577,256
668,279,144,577,264
668,271,144,581,272
667,263,148,585,280
667,276,162,587,292
666,295,175,589,294
669,335,189,591,299
671,384,204,592,303
675,453,197,594,296
676,491,199,592,282
673,511,194,592,289
667,511,180,592,298
657,477,161,589,301
649,398,130,586,304
636,323,105,577,313
628,218,69,569,300
620,87,67,563,298
616,0,58,557,302
612,0,59,531,305
599,0,55,522,313
597,0,54,516,324
599,0,50,512,352
599,26,56,505,367
592,146,92,506,391
580,240,88,504,411
551,266,93,503,419
526,254,88,499,428
499,260,103,492,437
477,258,104,489,440
456,272,120,489,448
463,279,135,487,451
474,285,146,486,457
482,294,158,489,459
499,303,158,490,470
508,310,162,490,484
511,315,167,498,486
510,326,170,507,490
504,333,176,513,492
498,336,184,521,492
478,337,187,523,494
473,339,190,517,494
477,339,191,505,496
498,331,192,499,496
522,345,204,508,492
553,360,214,514,481
572,379,213,516,480
580,383,215,516,481
587,373,200,515,480
587,353,189,519,482
578,356,193,519,493
572,359,194,522,499
561,366,197,520,502
552,373,202,522,505
550,372,194,527,504
551,372,187,527,505
559,367,182,518,502
561,369,181,518,501
570,383,185,522,504
575,398,192,524,502
576,403,201,526,497
575,427,202,525,493
566,442,209,527,494
556,471,226,525,497
547,524,241,522,491
527,552,241,519,493
508,572,232,520,485
481,564,217,516,480
452,502,204,517,469
427,453,188,515,449
409,405,148,519,419
402,342,157,520,394
400,282,166,527,386
417,225,172,517,365
456,182,155,504,341
504,186,150,487,311
542,220,130,479,313
571,297,152,487,314
585,331,178,492,325
582,337,207,496,329
577,308,198,498,348
573,265,209,505,347
569,252,207,500,343
571,245,191,514,348
568,245,193,519,351
573,234,192,528,341
580,232,199,538,337
584,234,210,538,336
587,223,212,546,323
591,224,207,554,327
597,231,204,561,331
604,244,205,565,319
608,244,200,572,323
613,241,196,574,309
615,237,187,575,302
621,238,185,576,291
627,243,202,577,295
633,249,207,579,300
641,253,211,578,297
645,267,214,579,294
648,271,205,580,290
650,260,201,585,282
654,255,199,588,273
653,254,197,590,274
651,256,198,589,272
653,256,204,593,278
653,258,220,595,272
658,260,218,599,254
660,276,207,605,240
663,292,224,610,240
662,303,223,610,238
660,310,228,612,247
655,311,227,615,241
653,311,226,620,240
655,312,226,621,235
657,310,228,624,240
655,313,229,624,238
657,322,232,621,239
658,321,232,621,240
658,329,228,619,241
657,327,227,619,239
655,325,230,621,239
654,330,238,623,242
657,346,248,625,253
662,385,257,624,249
667,461,254,624,240
668,471,255,623,228
666,485,252,622,220
664,461,238,617,214
660,406,189,610,207
659,297,145,596,204
659,148,124,585,207
658,0,110,569,225
658,0,98,555,240
658,0,79,544,249
658,0,81,525,271
659,0,102,517,280
659,0,92,499,286
639,0,91,458,311
613,0,91,420,338
591,153,97,416,380
572,223,98,409,396
552,251,122,416,412
542,249,123,434,408
551,235,121,463,409
574,248,119,482,416
597,248,125,485,418
610,246,133,475,415
617,249,133,471,407
620,246,141,474,408
617,241,143,474,413
612,241,149,482,419
597,242,165,492,423
582,245,181,491,429
583,274,192,495,438
590,292,197,498,440
601,311,200,506,436
612,322,198,510,426
619,330,204,509,424
624,332,206,501,417
626,308,194,488,411
630,238,183,488,402
634,203,183,501,404
634,181,183,503,408
627,155,192,510,410
620,183,173,514,402
620,222,150,519,389
617,223,151,519,393
618,237,155,502,391
616,239,156,494,396
610,244,158,488,406
606,250,159,481,419
610,255,166,480,428
616,286,178,481,437
624,306,195,484,431
633,344,197,477,427
637,362,205,472,418
639,395,224,476,416
642,427,229,477,411
641,448,236,479,413
626,465,238,481,416
613,476,237,484,413
606,501,239,483,422
599,514,245,475,424
590,523,250,475,421
582,542,249,474,414
566,537,251,472,406
542,489,242,461,401
517,400,211,453,401
496,245,184,454,370
455,12,155,455,355
415,0,143,457,342
388,0,152,466,331
403,0,160,465,325
452,0,155,462,314
503,0,156,480,290
535,0,177,501,291
556,0,212,516,301
564,165,239,524,320
558,240,242,532,349
549,264,234,535,369
529,268,211,543,375
511,260,210,546,376
503,245,198,555,370
499,248,214,562,357
496,247,223,565,353
497,249,222,568,345
503,248,223,571,337
511,239,216,576,326
522,251,221,580,325
527,257,217,583,327
523,252,219,585,324
516,254,214,584,332
505,259,214,582,330
504,261,216,577,338
504,261,206,575,347
497,263,199,578,344
484,255,192,583,339
460,232,183,582,328
445,198,181,580,325
434,167,186,583,326
432,154,188,582,336
430,149,179,582,345
432,145,159,583,359
428,146,141,586,365
398,147,135,579,360
368,134,124,573,359
343,130,116,567,355
327,146,111,565,357
318,131,99,549,362
307,138,86,547,366
298,142,74,554,367
316,169,86,557,376
340,177,97,564,374
361,185,101,568,379
374,192,102,573,387
378,199,107,575,399
384,199,105,579,407
386,192,101,586,407
384,199,105,590,409
388,208,113,592,411
394,256,118,590,414
414,331,137,589,419
438,442,143,588,413
458,485,146,584,404
470,515,146,581,404
465,531,130,581,399
455,518,104,582,397
430,458,58,578,393
419,410,37,570,388
421,305,21,558,385
422,217,0,551,383
430,62,0,541,385
446,0,0,540,400
482,0,0,532,416
542,0,15,536,426
578,0,9,537,428
588,78,26,538,430
592,204,52,525,430
582,293,81,502,423
565,335,92,481,426
539,323,94,466,416
529,319,85,474,420
539,303,100,490,417
542,273,86,501,417
559,276,99,509,413
561,274,117,517,409
563,277,127,516,403
561,277,133,507,402
558,280,135,504,407
556,284,141,512,415
554,289,145,515,428
558,297,169,520,438
565,314,184,523,448
573,335,192,526,456
582,339,189,521,457
595,339,184,509,451
605,320,182,508,430
610,308,178,506,420
614,319,180,507,407
622,329,182,510,399
624,332,168,502,378
625,335,135,486,349
621,342,123,464,341
622,337,115,442,342
626,340,111,437,335
639,344,106,433,329
657,354,110,433,305
668,358,98,423,267
668,352,97,419,254
667,347,103,419,241
664,349,119,427,235
662,348,136,436,233
662,348,143,442,228
658,354,148,444,225
653,356,145,435,223
650,358,155,427,229
645,369,160,422,239
650,369,166,423,247
656,376,174,426,249
662,374,184,420,250
667,365,188,416,253
670,363,190,402,254
670,357,196,384,247
668,356,201,384,251
670,360,210,379,269
671,366,217,389,279
673,387,231,411,287
673,444,240,415,271
672,488,240,420,240
671,525,243,417,225
669,542,248,416,219
665,543,252,420,224
661,530,255,418,234
654,447,245,408,245
636,392,221,404,256
609,272,186,407,260
571,100,197,421,277
528,0,199,433,288
491,0,203,440,307
473,0,207,430,321
465,0,210,419,323
465,0,199,412,323
467,0,188,406,322
470,17,178,424,312
474,175,189,432,307
479,269,193,474,308
496,311,207,499,310
496,318,205,518,313
504,309,212,536,318
508,281,224,545,327
522,258,233,556,323
528,280,237,568,341
541,296,240,576,349
532,294,233,583,363
537,305,231,593,364
549,300,227,600,358
563,306,229,604,352
575,301,232,606,352
584,303,240,610,349
589,306,247,610,344
588,306,242,611,344
586,308,243,611,341
586,307,247,610,335
589,310,238,608,327
587,313,236,604,326
584,318,255,600,325
576,314,246,601,312
567,317,247,604,311
563,318,246,607,316
570,315,237,608,314
578,316,232,610,305
583,322,235,614,298
584,321,231,616,291
578,317,231,622,284
573,309,253,624,283
569,319,255,629,286
563,321,252,630,290
562,326,252,632,294
566,328,244,632,304
568,328,245,634,311
567,317,245,635,300
560,296,244,637,303
547,291,242,639,311
537,287,240,637,316
528,284,235,636,316
527,291,237,634,325
537,297,234,634,335
543,300,229,635,342
548,305,226,634,344
552,302,212,631,347
552,300,209,631,352
553,306,209,628,364
559,339,219,626,377
564,386,227,621,382
573,447,246,617,368
582,490,248,613,357
586,520,246,613,341
587,523,242,607,337
586,506,202,601,333
584,460,150,596,330
584,424,107,589,324
592,392,69,588,321
608,337,63,589,317
628,308,42,590,320
649,283,17,575,323
655,249,0,543,323
656,238,0,523,324
655,225,0,469,323
642,247,0,408,331
628,248,10,384,362
610,240,60,370,398
602,225,65,372,418
593,217,90,387,441
602,232,103,405,454
605,237,108,427,471
608,241,95,436,468
605,237,70,432,462
606,221,73,423,463
610,208,72,422,461
617,216,71,424,468
613,226,93,442,473
608,241,118,450,476
606,246,122,456,476
609,246,125,464,479
610,247,130,463,481
618,238,124,459,481
627,224,123,476,480
632,208,124,489,479
632,203,128,489,476
627,209,134,492,475
608,232,141,498,468
593,251,151,502,470
576,258,167,502,468
554,261,161,500,466
538,265,152,497,473
546,273,157,501,477
547,289,167,504,477
548,314,189,504,475
548,337,197,499,472
546,352,202,482,468
549,369,208,469,466
546,394,205,465,460
540,412,211,466,448
534,426,219,470,443
523,446,225,472,433
516,468,229,470,435
508,476,226,472,438
501,480,228,473,442
482,471,226,478,442
465,442,225,479,440
450,422,224,481,440
427,411,221,480,438
401,357,214,477,434
373,271,198,467,432
337,89,185,460,426
288,0,179,446,421
256,0,162,431,420
241,0,157,429,417
236,0,165,428,416
233,0,177,425,414
248,0,171,421,404
284,19,158,449,392
325,73,119,467,374
384,180,103,482,375
431,247,131,503,351
463,277,149,513,356
472,298,171,524,359
462,302,175,535,360
458,289,174,537,369
447,280,180,541,379
440,274,176,543,374
455,279,196,543,365
457,295,212,545,369
459,290,211,548,370
455,294,215,554,364
455,298,221,556,366
453,298,222,558,359
457,306,222,562,357
459,299,215,560,351
461,298,204,562,349
466,296,205,562,346
472,306,210,564,341
478,309,212,566,339
481,309,211,571,332
481,309,207,573,331
474,302,193,569,333
466,298,189,566,337
466,304,183,566,351
475,298,175,564,363
477,277,160,565,371
463,254,151,567,376
427,241,150,571,376
389,233,146,568,377
340,215,137,563,381
326,194,123,561,379
323,193,109,558,371
325,191,90,554,367
325,184,90,552,364
325,182,87,552,365
313,184,97,554,366
301,167,97,555,371
296,163,98,558,385
304,163,86,563,391
312,157,80,563,397
322,164,83,565,411
329,174,106,566,415
339,232,118,567,419
352,319,147,568,417
361,400,173,565,412
377,456,175,558,409
391,477,180,549,404
395,488,182,544,410
392,490,184,542,416
373,464,179,540,418
358,409,138,539,421
344,342,85,535,423
338,265,54,528,422
346,98,43,527,422
353,0,46,520,421
380,0,41,515,421
424,0,22,504,417
454,0,0,473,410
471,0,0,415,396
482,47,0,361,374
503,134,0,315,368
508,214,0,281,374
509,210,0,260,387
492,226,0,260,399
484,217,0,274,410
473,197,0,304,425
453,183,16,307,422
450,171,31,342,413
463,183,32,363,409
491,201,50,395,401
516,212,54,409,389
524,237,56,418,381
522,261,64,420,375
519,272,70,419,371
522,271,72,426,375
526,271,82,438,385
523,268,88,454,394
500,274,91,462,403
483,284,108,467,406
491,292,118,466,407
498,307,115,459,402
508,304,99,454,400
527,296,87,447,397
547,291,81,450,385
565,285,80,458,380
600,295,80,459,361
624,308,81,456,346
646,311,80,447,334
661,319,79,434,332
670,311,70,430,336
674,303,64,435,323
674,301,64,432,321
678,304,62,430,323
684,305,61,434,316
690,306,65,444,309
692,304,83,450,300
685,305,105,445,302
688,296,107,436,307
692,296,125,434,304
695,303,127,437,308
696,305,131,446,311
698,318,132,454,314
697,331,147,460,319
697,372,156,467,319
697,414,171,466,306
698,469,181,468,296
696,504,193,473,291
694,534,192,480,278
687,555,189,490,277
672,549,184,499,276
651,487,168,509,272
635,397,141,518,275
624,340,69,520,276
618,148,70,521,281
610,0,112,513,285
599,0,129,514,294
589,0,138,515,304
585,0,150,514,320
586,0,161,508,330
584,0,169,504,330
582,52,166,503,337
574,214,166,501,339
559,278,166,498,335
551,315,173,498,348
536,334,188,496,356
526,344,208,499,363
520,344,221,502,371
519,347,230,501,371
516,348,230,496,374
506,349,229,486,376
499,352,226,471,378
482,354,225,462,378
456,350,225,453,387
441,342,224,445,387
437,347,229,440,390
430,346,227,434,388
426,343,231,431,391
417,342,229,432,392
400,320,232,430,391
392,321,235,422,397
399,320,239,415,409
405,317,241,414,412
406,316,243,414,415
408,317,245,411,420
405,314,244,411,424
405,295,241,406,427
409,305,240,405,429
412,306,242,405,426
412,303,246,405,423
408,302,246,402,427
401,301,249,397,431
388,306,255,392,432
372,305,256,394,434
363,305,258,389,433
358,304,260,391,437
353,305,262,391,436
360,304,259,391,438
371,299,257,388,437
375,296,257,389,438
375,295,255,389,439
377,287,255,385,439
373,276,252,381,440
369,275,252,379,440
361,277,251,381,438
353,281,252,385,439
347,283,251,387,440
348,283,248,388,443
351,283,245,387,446
351,287,245,387,448
345,288,244,384,451
342,294,243,383,457
337,295,244,382,457
335,295,237,383,459
332,291,236,386,460
334,294,235,387,462
340,292,236,386,462
346,292,236,387,462
350,291,236,390,461
350,296,238,392,463
351,296,240,395,466
346,298,241,396,469
346,301,243,397,470
344,301,244,398,470
340,302,246,398,471
344,303,246,398,471
348,304,246,400,473
359,303,245,399,472
372,301,244,400,470
381,301,246,402,472
385,302,247,402,472
385,303,248,403,471
384,301,246,403,472
382,300,243,402,474
376,300,242,400,473
377,300,241,400,473
373,302,245,403,474
367,304,248,404,475
361,308,247,405,475
358,309,246,405,475
355,310,245,406,477
347,316,245,404,477
343,317,241,402,480
342,317,243,402,480
339,317,241,402,477
334,318,243,404,477
334,321,246,404,476
333,325,251,406,479
332,325,255,407,480
328,327,259,408,480
327,329,259,406,479
332,328,261,405,477
332,328,261,404,477
331,330,264,402,476
331,328,263,403,478
326,330,263,405,476
312,329,263,405,477
309,330,264,406,477
312,330,265,407,477
319,331,266,407,474
