F1,F2,F3,F4,F5
243,262,242,370,490
243,260,242,370,490
244,260,243,369,490
244,262,246,371,491
245,264,248,372,491
248,264,249,373,491
251,263,248,374,491
255,263,246,374,491
255,262,246,371,491
260,257,242,369,491
260,255,243,369,491
261,254,246,370,492
262,256,248,371,491
261,259,249,372,492
261,257,250,373,492
263,254,250,373,492
266,247,251,372,492
265,241,251,370,492
268,228,251,368,493
269,228,252,369,493
268,236,253,368,495
272,246,254,370,493
274,251,255,371,492
279,256,254,372,492
285,268,255,371,487
286,278,253,373,488
289,290,252,373,487
292,329,254,374,482
300,394,255,377,471
314,431,255,378,462
326,437,252,382,460
336,462,250,381,461
348,477,249,383,459
347,463,248,379,458
348,407,231,378,456
347,307,213,380,452
325,176,203,400,446
328,0,215,415,441
338,0,223,424,450
346,0,228,426,469
352,0,228,428,478
356,0,233,427,486
358,0,236,426,495
357,0,233,422,501
352,151,231,415,505
347,220,229,406,506
348,244,222,397,508
351,238,212,384,509
355,226,207,372,510
357,210,207,357,511
352,195,203,330,512
357,179,198,324,512
360,171,180,321,511
366,169,151,320,512
379,167,138,309,512
401,149,135,291,513
440,141,140,283,513
482,131,171,282,511
495,127,179,289,506
493,86,203,292,502
486,77,205,296,500
488,72,211,347,503
486,64,218,372,503
492,76,219,395,504
496,92,216,401,505
496,107,204,404,501
479,96,204,413,475
456,106,221,420,460
453,120,216,416,461
451,109,196,415,455
443,108,166,421,452
425,114,162,428,451
419,130,176,433,450
431,148,166,425,446
460,155,162,417,435
493,158,145,423,419
516,156,132,426,407
534,152,114,427,407
547,150,113,436,403
554,146,121,441,401
556,143,119,442,398
555,153,114,451,390
553,164,124,457,380
544,175,142,460,373
556,180,162,461,371
562,194,154,463,370
570,197,138,465,368
574,191,117,454,365
573,188,112,453,362
576,183,105,451,358
581,184,114,454,353
590,180,121,455,347
600,181,133,459,338
607,192,135,457,331
621,194,123,449,326
629,188,93,444,315
633,178,82,442,307
635,165,80,446,305
637,166,90,450,309
638,177,98,451,315
639,192,104,452,321
640,216,124,455,324
637,272,158,461,333
637,402,182,468,332
640,480,190,474,320
640,513,191,478,307
641,506,194,480,315
637,453,185,475,318
629,372,150,473,320
613,196,90,480,313
597,0,49,489,314
570,0,24,499,316
530,0,30,499,325
483,0,47,489,333
440,0,54,463,342
403,0,39,474,348
387,0,38,480,356
366,0,39,479,367
359,56,35,475,384
373,198,14,477,395
395,255,58,486,404
407,243,85,495,420
410,174,116,505,430
404,114,123,504,444
405,82,131,512,450
425,67,147,513,451
455,90,158,511,448
466,82,154,512,447
469,66,154,511,447
465,43,146,509,447
450,35,141,503,450
437,38,141,504,454
443,73,159,505,458
461,124,172,503,461
488,163,173,505,463
511,221,178,507,466
515,248,180,508,468
506,255,185,505,471
489,239,185,503,470
464,233,180,493,471
445,237,185,492,471
465,246,191,486,469
481,253,195,485,466
486,256,187,485,461
482,240,187,481,454
475,201,175,489,453
473,160,152,490,446
466,122,148,487,440
457,109,167,485,433
454,99,202,492,425
457,113,208,498,424
470,138,211,510,424
477,182,210,514,431
489,233,216,519,438
503,354,244,523,447
510,441,268,526,444
511,479,273,528,445
513,504,278,522,447
512,489,257,520,450
508,411,219,515,452
485,286,202,509,451
483,54,183,507,448
492,0,159,512,442
507,0,142,504,444
511,0,138,476,442
516,0,132,446,432
539,0,110,408,417
565,0,79,370,405
583,0,51,346,401
588,0,71,345,404
588,67,79,354,405
573,139,32,376,405
587,182,75,386,406
600,181,86,399,403
603,159,71,406,391
597,156,60,417,375
580,125,49,425,367
561,125,60,437,365
564,110,64,446,358
573,118,68,454,343
582,127,70,459,330
591,126,54,457,305
596,126,36,455,297
602,126,22,458,296
609,103,0,464,299
617,67,0,467,307
623,68,0,482,313
628,77,17,485,320
630,80,0,482,314
632,96,0,479,302
636,109,0,475,301
642,132,0,469,300
650,129,0,470,299
657,118,0,470,300
659,93,0,474,303
664,59,0,477,313
667,60,0,484,322
672,70,0,495,326
671,87,0,494,338
667,100,0,499,342
665,100,0,505,342
666,102,0,503,341
671,101,0,502,338
677,107,0,497,340
681,134,0,497,349
685,150,0,496,347
687,166,0,492,350
686,180,0,491,349
686,202,0,494,348
683,225,0,488,350
681,265,0,489,349
681,283,0,481,350
681,289,0,483,346
681,287,0,487,344
683,281,0,489,344
684,282,0,486,346
685,291,12,487,347
685,369,59,493,352
683,427,94,501,354
684,485,108,508,342
684,517,115,508,333
679,512,82,512,327
668,466,19,514,321
653,422,0,517,317
635,282,0,516,320
607,47,0,504,319
567,0,0,494,327
515,0,0,467,336
490,0,0,467,350
468,0,0,471,355
434,0,0,483,377
395,0,0,499,393
354,0,0,508,404
321,0,0,509,424
309,70,0,505,445
361,186,0,499,449
385,174,0,496,462
395,182,0,496,464
388,152,29,501,472
392,113,38,508,469
415,103,41,510,475
431,91,43,510,477
440,100,42,508,480
440,106,41,496,484
432,107,47,497,492
437,117,51,497,495
453,117,58,501,501
470,122,62,503,505
476,126,65,508,508
473,127,86,515,511
458,118,88,511,510
435,119,96,508,504
423,116,102,510,500
416,123,103,499,501
423,127,101,489,501
436,131,106,484,502
447,136,112,492,506
451,134,118,491,501
432,103,125,485,499
396,102,129,479,497
362,126,136,471,496
349,141,138,466,494
340,142,136,466,492
338,136,130,466,497
342,142,128,464,502
351,174,135,464,508
362,232,144,462,514
384,292,174,462,519
406,378,198,464,526
414,435,209,457,525
416,458,225,447,525
403,481,238,441,523
388,491,244,441,518
368,487,212,442,512
350,452,223,448,506
332,386,214,452,500
313,228,196,451,491
312,6,177,446,489
310,0,174,441,489
316,0,175,438,492
324,27,189,436,487
350,340,216,431,476
366,464,234,433,464
386,531,245,442,454
401,578,239,446,452
399,585,229,457,459
372,555,223,459,464
345,487,203,455,454
330,356,187,451,433
321,56,165,449,415
318,0,157,443,410
333,0,156,446,405
347,0,169,443,405
375,0,161,442,405
390,0,152,413,399
390,0,143,406,399
384,0,142,371,393
364,0,132,338,389
359,0,110,313,400
370,9,108,285,424
401,58,81,264,421
448,30,83,261,420
475,19,93,279,419
493,34,102,308,405
496,89,82,348,401
523,143,123,375,393
543,168,128,399,385
551,205,112,415,386
556,223,113,436,386
555,253,105,452,390
556,261,90,469,383
560,277,89,478,383
565,267,96,479,374
573,269,100,488,373
577,289,117,504,371
588,301,115,510,370
591,306,114,515,368
590,312,121,516,366
588,308,139,521,369
590,304,166,524,361
591,283,166,524,341
599,276,146,530,340
611,296,114,537,324
622,297,102,538,320
625,302,130,544,311
619,312,147,547,308
619,321,162,550,307
629,320,169,550,307
645,342,167,550,304
663,337,176,552,288
670,336,157,550,268
673,348,146,555,277
676,353,150,561,276
678,361,164,566,283
678,360,183,571,283
675,357,190,577,279
669,357,195,580,283
669,358,196,580,285
668,353,195,577,289
664,348,197,576,294
665,341,197,575,295
667,342,192,575,297
669,344,198,575,305
668,342,195,579,304
667,345,189,581,314
667,355,188,582,328
666,390,199,584,334
664,468,210,582,330
667,529,211,584,320
666,545,166,580,301
662,532,130,573,280
647,496,59,569,267
635,457,0,558,261
624,392,0,555,275
607,316,0,554,291
582,231,0,557,308
580,178,0,547,326
575,90,0,543,346
558,0,0,541,371
538,0,0,538,386
516,0,0,524,406
499,100,0,506,425
477,215,0,492,449
433,239,4,472,460
392,239,57,457,474
364,248,73,436,484
367,255,81,404,492
368,256,88,398,500
366,240,92,403,506
362,237,102,408,510
353,246,120,417,509
333,250,125,421,511
300,263,138,428,511
273,270,147,426,515
246,274,157,426,515
228,277,168,409,512
237,271,168,403,520
246,278,168,406,523
251,279,168,416,522
246,265,168,421,523
233,254,166,427,523
230,256,164,438,525
228,258,154,443,524
197,261,158,446,522
164,253,157,445,521
106,212,152,448,521
72,177,148,454,520
99,147,155,458,521
162,174,160,463,526
230,207,182,468,527
286,245,186,472,528
316,280,194,474,527
323,319,198,477,526
327,359,206,484,526
327,413,224,488,528
323,461,247,489,525
323,526,261,490,522
323,563,268,490,524
331,582,265,491,523
350,587,239,492,525
365,543,221,495,527
373,472,190,495,525
364,338,165,496,526
351,139,144,498,512
339,0,132,495,505
325,0,121,493,497
306,0,129,476,489
311,0,150,432,461
323,0,146,413,446
350,0,123,408,447
401,0,121,413,437
468,39,123,434,429
517,183,141,449,427
540,226,131,461,421
540,220,141,480,420
527,205,168,499,422
521,189,164,511,413
522,152,168,514,413
531,135,183,513,411
534,135,179,508,397
537,147,165,515,387
542,180,174,522,391
545,188,171,527,388
548,188,171,542,384
558,203,176,546,379
576,215,187,557,374
598,219,202,559,365
609,229,192,562,361
618,233,184,558,356
623,237,177,557,352
629,245,160,548,344
635,247,139,543,333
629,233,131,536,325
626,216,132,539,324
622,201,135,544,321
621,194,135,538,324
624,196,129,519,323
629,199,128,510,325
641,222,135,510,323
651,234,133,513,329
660,227,120,515,332
663,222,115,517,328
666,214,117,514,333
666,214,116,509,335
665,215,121,505,337
665,224,121,503,337
664,244,130,504,339
662,266,134,500,340
659,288,139,500,340
654,308,148,499,345
651,317,128,493,353
647,337,140,497,358
635,390,165,507,361
625,484,179,512,353
621,528,193,515,348
621,548,182,514,345
622,524,162,514,344
620,484,98,517,347
616,415,2,508,349
602,315,0,500,350
588,195,0,491,353
575,79,0,493,359
572,0,0,492,376
573,0,0,483,379
570,0,0,460,382
557,0,0,432,402
541,0,0,414,413
512,0,0,404,414
484,56,0,392,424
445,140,15,365,443
423,176,27,360,454
409,192,26,371,473
405,191,69,372,479
426,195,80,377,478
449,200,79,379,482
459,180,81,374,479
466,168,83,383,484
474,179,84,385,488
483,200,85,390,490
487,210,108,400,491
481,217,117,412,487
474,224,139,420,487
465,225,136,418,489
460,222,136,417,492
468,230,134,413,495
475,244,136,416,492
479,257,140,419,492
483,271,142,427,493
486,285,144,430,493
480,283,143,420,489
471,270,139,409,487
452,271,140,398,486
430,289,153,401,486
423,355,173,410,486
424,434,189,416,481
435,490,194,421,468
440,523,193,420,459
440,538,198,413,457
446,534,186,401,461
444,498,168,400,460
426,421,155,403,456
399,311,150,406,448
364,211,104,404,442
332,21,108,403,441
290,0,118,396,449
269,0,130,380,458
246,0,148,379,464
233,0,163,382,467
204,0,166,383,468
183,2,172,382,469
166,116,177,386,471
165,156,181,388,469
165,197,193,398,466
182,204,190,409,462
237,203,181,409,450
268,197,176,389,441
314,186,171,383,429
338,181,167,371,406
360,182,160,374,393
383,177,137,367,385
383,186,139,386,371
391,187,135,394,368
406,195,142,402,353
424,180,143,421,353
438,183,148,433,349
447,195,159,441,355
459,204,161,448,358
467,203,172,453,351
471,218,179,458,361
472,230,185,468,362
480,235,193,467,359
486,243,176,469,354
494,241,165,476,350
493,248,171,480,350
495,247,176,491,341
493,254,177,497,336
496,248,168,500,325
505,254,182,506,324
515,257,213,507,329
520,257,199,510,324
512,263,202,514,318
507,264,208,519,320
505,270,210,520,316
510,285,228,528,308
516,288,224,535,297
532,282,230,539,299
536,289,233,545,288
543,293,240,548,285
549,290,244,553,284
547,292,245,558,280
543,294,248,560,286
543,297,241,558,286
547,300,236,551,293
554,296,232,555,293
562,286,229,559,291
562,290,230,564,288
559,292,233,571,285
556,292,228,573,287
557,292,224,572,290
556,296,226,573,294
553,300,229,575,299
552,303,228,575,300
552,310,230,575,304
558,315,229,575,307
568,333,242,579,313
578,365,242,582,310
589,433,252,585,307
591,486,245,586,301
590,503,225,582,302
587,484,199,577,297
580,422,131,567,295
581,358,40,550,299
587,201,0,534,299
598,54,0,518,293
611,0,0,515,296
631,0,0,500,302
637,0,9,481,311
639,0,6,457,325
639,0,13,410,339
626,0,22,379,360
608,0,23,353,392
578,105,35,337,418
545,167,60,338,434
515,167,75,351,444
499,181,99,367,449
479,189,102,379,463
467,186,104,397,470
472,190,106,405,467
471,208,114,415,465
473,210,122,413,464
482,224,129,412,472
484,230,133,417,478
484,245,139,424,484
486,258,157,430,487
490,266,178,422,487
494,267,183,419,488
495,272,184,422,487
499,266,186,423,486
505,235,191,431,487
514,235,188,433,488
514,211,190,427,487
503,211,189,413,480
494,218,190,403,480
496,233,189,394,479
501,253,194,396,475
510,281,197,397,472
512,295,204,403,465
508,293,205,406,468
509,265,196,399,477
521,262,190,396,482
524,259,197,400,496
531,226,204,406,507
523,240,163,412,508
511,255,193,417,506
519,259,192,412,503
513,265,194,400,504
520,275,199,395,507
523,329,208,394,508
522,416,218,389,516
521,506,221,391,526
524,550,212,390,520
521,575,189,384,516
527,582,185,380,519
523,560,180,378,515
516,495,165,373,512
507,427,110,366,493
484,275,137,363,489
450,63,161,376,476
413,0,171,384,469
382,0,196,402,459
362,0,201,414,453
352,0,191,418,434
371,0,174,422,434
410,109,188,447,432
442,226,183,487,436
467,274,209,516,443
487,310,233,519,451
490,292,250,530,452
484,258,274,541,460
473,252,267,546,470
469,236,259,551,474
465,214,260,556,464
470,198,263,562,461
483,197,262,567,461
495,187,260,571,452
507,186,257,574,440
513,183,254,580,431
518,184,250,583,427
517,210,246,584,423
513,214,246,586,418
514,206,252,588,422
515,217,250,590,417
520,234,252,595,423
523,231,254,600,420
525,225,250,603,413
532,225,249,605,405
541,232,248,605,397
548,233,244,606,383
549,245,245,605,373
541,260,247,607,362
535,282,246,610,338
532,287,251,615,337
533,273,259,614,339
533,271,263,616,340
532,283,268,619,338
534,302,274,620,344
529,308,281,624,346
525,308,282,624,347
523,305,272,625,347
523,287,270,624,340
525,279,263,624,322
527,273,261,624,321
528,277,263,625,328
528,279,265,626,343
526,284,271,628,354
527,285,275,627,354
531,275,271,625,352
531,261,262,624,349
533,224,260,625,341
542,183,256,626,333
548,159,253,624,333
556,152,254,623,331
559,155,254,625,340
564,171,256,627,353
569,242,257,627,365
570,316,259,629,370
576,404,267,631,365
579,496,271,631,366
582,515,270,630,359
587,512,257,626,358
590,480,212,619,354
592,428,139,611,350
594,328,123,600,343
601,224,71,599,339
618,89,65,595,342
641,0,57,597,345
662,0,67,582,347
671,0,55,576,359
668,0,51,531,359
653,0,66,513,363
632,66,81,453,388
609,151,87,413,387
576,217,86,406,392
544,235,98,401,401
535,245,111,422,411
538,251,120,435,422
548,242,121,458,423
555,193,126,470,422
566,196,128,469,423
569,197,124,454,425
572,201,122,424,425
566,193,110,407,426
564,203,113,394,426
552,206,116,390,431
550,200,117,390,435
550,201,122,392,443
552,198,133,389,445
545,174,152,392,439
534,178,164,397,444
535,178,165,397,453
542,169,162,398,456
553,165,157,408,458
565,169,166,428,469
589,180,175,448,475
609,207,183,459,480
616,215,171,457,482
621,229,185,448,476
622,236,188,432,475
624,219,170,421,477
625,146,157,421,479
628,130,143,451,483
630,154,155,456,486
637,176,165,457,485
635,181,160,455,481
635,202,166,449,475
636,221,170,439,474
638,246,175,428,473
640,276,181,421,474
638,320,187,417,475
635,348,189,418,472
640,376,185,428,474
644,397,185,438,477
646,407,191,448,480
645,423,202,455,484
639,485,220,457,483
629,537,227,459,464
618,571,222,456,455
600,572,213,450,451
571,537,180,448,443
552,470,142,444,426
535,436,79,439,412
531,308,85,435,406
518,164,95,432,406
496,44,102,430,409
459,0,118,414,400
421,0,142,383,394
373,47,152,367,385
355,153,151,386,385
357,247,147,410,392
338,301,146,450,392
371,307,150,467,394
399,284,156,499,395
396,248,189,515,395
397,215,207,525,402
384,189,218,521,407
372,160,212,528,409
351,159,212,534,418
336,158,215,543,412
338,161,221,547,405
351,172,221,551,407
369,178,220,553,409
382,171,214,556,410
387,172,210,557,406
386,167,199,559,405
375,148,185,560,408
360,151,187,562,408
349,150,200,560,414
343,162,196,560,409
343,176,196,562,413
352,184,207,565,415
357,196,202,571,411
357,189,194,573,407
351,189,196,577,409
350,158,218,580,416
340,144,212,583,423
333,167,218,587,426
341,176,230,589,428
338,187,231,593,423
328,186,227,594,417
319,178,207,596,417
317,174,196,597,410
316,176,204,598,414
314,190,208,597,417
310,195,207,598,418
305,200,202,598,420
305,198,201,598,418
315,202,197,596,420
323,203,200,600,422
334,207,211,602,423
341,218,223,604,427
353,247,226,605,431
354,289,231,606,434
353,319,240,605,436
352,350,255,603,439
357,390,265,602,442
373,452,269,603,442
382,479,259,604,444
391,479,243,605,447
394,459,207,601,449
405,390,175,593,446
404,257,124,579,434
400,95,92,573,434
422,0,78,559,436
453,0,51,548,437
489,0,27,535,436
516,0,31,514,430
529,0,23,468,417
545,0,10,400,400
561,0,47,338,386
568,89,51,275,393
559,189,78,260,407
541,247,73,252,432
520,258,73,271,440
511,216,70,286,444
506,181,75,303,454
512,125,84,312,450
533,98,88,329,451
558,111,89,313,448
566,119,90,299,444
570,110,85,291,432
567,112,82,302,425
565,117,85,305,429
564,126,88,310,429
572,118,88,323,427
576,112,93,332,425
577,120,99,350,421
563,106,108,368,409
551,122,117,383,406
541,121,116,377,412
541,131,105,370,425
556,134,96,374,427
569,121,97,384,430
589,121,98,406,434
603,130,103,421,435
613,151,106,423,436
618,152,99,418,434
626,140,70,396,431
632,140,65,388,424
629,145,55,380,413
631,150,56,376,406
635,141,59,367,399
643,165,66,356,386
649,174,70,335,365
651,190,86,311,359
654,213,95,303,355
656,212,104,303,354
655,215,109,302,354
649,219,110,297,349
646,217,101,298,355
644,216,100,294,353
640,218,103,300,355
640,223,112,310,352
637,241,125,319,356
634,277,159,322,357
629,385,197,328,361
618,497,216,339,339
607,556,229,350,327
591,564,226,355,315
581,570,214,358,313
573,527,191,364,317
570,461,153,369,316
549,392,121,371,316
524,235,116,374,311
492,46,127,364,312
457,0,126,324,312
417,0,133,297,320
379,0,122,304,335
324,0,119,302,344
228,0,93,284,363
150,0,81,280,396
98,76,72,263,411
59,139,73,264,424
57,194,67,278,436
47,219,90,295,441
52,204,109,315,436
55,188,105,348,433
69,137,98,355,408
88,123,102,361,377
119,95,104,380,369
160,104,120,394,354
180,127,119,431,364
195,138,120,463,374
185,158,124,480,392
183,169,107,490,405
200,164,92,500,406
207,148,91,505,407
213,160,97,511,423
205,176,113,513,428
212,191,124,519,420
220,199,144,527,421
246,215,171,534,422
262,218,176,537,420
266,241,186,542,425
261,230,193,548,419
255,225,202,550,419
254,232,203,554,423
265,238,212,557,423
285,248,216,562,420
301,252,228,561,422
305,256,220,561,423
311,257,221,564,422
313,248,208,563,420
317,242,207,564,424
317,237,206,561,424
319,243,210,562,424
326,254,215,562,426
326,261,211,567,426
316,268,217,574,427
314,267,219,576,424
312,256,220,577,428
305,253,218,578,429
293,247,221,580,426
299,249,224,581,427
315,264,236,581,429
334,325,252,586,432
385,418,276,587,438
436,472,282,591,427
467,507,283,592,406
474,520,266,588,392
471,504,224,583,389
450,449,180,576,389
433,396,112,558,389
426,266,85,545,385
424,129,74,529,386
442,64,53,520,392
489,25,53,489,400
519,0,48,434,392
532,0,15,377,398
553,0,0,301,401
561,42,0,242,397
561,112,0,187,398
545,136,0,143,401
521,140,0,191,415
496,115,0,232,429
468,108,0,266,446
446,85,0,280,452
437,47,0,305,472
437,27,0,304,477
438,17,0,300,478
438,20,0,305,476
445,14,0,321,474
467,22,0,344,471
480,29,0,362,468
480,58,0,370,467
468,75,41,393,470
469,80,46,405,473
470,83,46,408,475
462,91,47,401,476
453,92,46,393,475
444,85,48,393,477
441,69,48,395,475
449,68,52,402,477
461,67,52,413,477
476,71,54,417,477
485,82,60,431,475
476,108,65,441,472
462,146,83,446,473
451,172,113,445,471
440,189,137,438,472
424,204,140,422,478
409,237,148,410,480
405,332,161,405,489
405,433,170,406,491
416,513,171,412,480
428,554,172,426,477
439,556,175,442,477
441,528,170,450,475
438,460,131,451,477
432,366,87,443,478
427,242,77,417,476
424,38,93,412,477
427,0,109,427,478
428,0,116,439,479
426,0,122,445,487
429,0,118,448,496
428,0,108,446,507
421,25,108,442,519
414,142,99,431,528
405,188,83,421,533
391,225,86,414,533
372,224,117,410,532
335,236,138,403,532
297,247,142,394,530
278,252,159,404,529
275,256,155,413,528
280,255,156,420,525
269,256,160,421,517
269,250,156,424,515
265,243,145,427,515
270,233,139,426,516
270,221,135,417,516
268,217,143,410,513
274,218,144,400,513
280,215,154,393,512
282,224,161,378,513
285,227,162,362,515
286,234,163,359,517
282,242,168,345,519
275,244,175,329,521
269,247,182,329,520
261,252,188,331,521
255,256,182,338,520
250,257,183,341,518
242,262,184,351,519
236,242,184,359,521
240,249,176,350,524
246,248,161,343,523
250,246,165,347,528
252,247,177,346,528
246,245,174,344,527
236,244,179,338,528
234,241,183,337,527
230,244,187,340,529
230,245,188,343,529
234,247,188,345,529
236,243,187,347,529
229,229,193,343,526
222,229,195,345,527
214,230,197,346,525
195,231,199,343,524
181,232,200,341,524
185,230,201,340,526
177,232,200,343,526
172,230,205,342,530
179,226,190,337,531
179,225,186,336,532
172,223,186,341,534
176,222,189,342,535
176,225,191,346,537
176,223,191,346,536
173,220,191,345,537
173,221,191,348,538
170,225,192,348,539
174,227,191,349,542
177,232,192,353,542
183,231,192,355,543
192,230,192,352,542
197,232,191,355,542
198,230,195,357,543
199,232,195,357,543
201,230,196,356,543
208,231,194,358,543
211,231,194,358,543
215,233,194,359,543
209,235,194,360,544
208,235,197,357,542
203,239,195,358,543
199,238,197,357,542
195,240,197,359,541
196,241,196,359,541
200,239,193,360,541
209,239,195,363,542
213,236,194,363,542
220,236,192,365,544
225,233,190,365,544
223,232,191,366,544
223,231,191,366,544
222,234,192,366,544
221,236,195,365,545
221,238,197,366,544
219,239,200,367,544
214,240,200,369,543
210,243,199,370,543
206,248,202,368,542
201,249,208,370,542
198,254,209,373,543
196,259,209,373,544
198,259,208,374,545
199,260,207,374,546
195,261,208,375,546
195,259,208,377,546
187,260,209,378,545
189,259,209,378,546
193,262,209,376,546
191,264,210,372,545
185,270,211,374,544
183,270,210,374,543
184,275,211,366,542
189,277,210,358,541
193,278,209,361,541
194,278,210,362,541
190,281,210,362,542
193,282,211,362,542
195,278,210,354,544
198,277,209,352,543
202,275,210,352,542
