F1,F2,F3,F4,F5
233,41,384,607,0
238,41,386,607,0
242,41,388,607,0
248,42,388,607,0
258,45,388,608,0
254,44,387,608,0
259,46,384,608,0
263,44,382,609,0
264,47,382,610,0
268,49,383,611,0
269,49,385,612,0
272,49,383,614,0
271,49,385,615,0
261,48,384,615,0
259,50,390,617,0
255,51,393,615,0
246,53,396,618,0
237,50,396,618,0
239,47,397,616,0
244,42,395,615,0
253,38,395,613,0
264,42,394,613,0
270,45,400,614,0
283,49,401,616,0
281,61,401,617,0
284,91,402,619,0
284,99,405,619,0
290,107,404,619,0
289,141,401,620,0
289,186,403,621,0
284,239,405,627,0
278,294,405,629,0
273,306,401,634,0
257,289,384,635,0
231,216,365,630,0
220,100,364,622,0
212,0,379,615,0
217,0,395,615,0
247,0,401,615,0
287,0,409,616,0
343,0,417,615,0
376,22,416,616,0
406,79,416,615,0
425,149,412,614,0
443,165,404,617,0
467,171,380,618,0
473,164,360,628,0
488,102,344,633,0
501,56,343,640,0
510,32,353,648,0
526,10,367,661,0
542,0,382,668,0
555,0,393,675,0
564,0,396,678,0
568,0,397,679,0
573,0,397,680,0
578,0,392,680,0
580,6,378,681,0
576,43,380,684,0
571,56,387,684,0
559,62,385,686,0
542,56,377,690,0
523,47,369,695,0
500,44,364,700,0
492,50,369,698,0
483,59,371,693,0
473,64,375,686,0
473,68,383,679,0
467,49,379,670,0
470,42,381,663,0
468,0,375,658,0
466,0,374,655,0
453,0,374,655,0
445,0,376,653,0
440,0,375,656,0
436,0,370,660,0
441,0,363,655,0
447,0,367,646,0
454,0,353,644,0
462,18,351,636,0
470,26,348,631,0
472,41,348,629,0
469,42,348,633,0
464,38,350,636,0
457,27,350,638,0
456,26,350,640,0
453,27,352,642,0
445,33,355,643,0
441,47,357,644,0
435,59,358,643,0
435,67,355,640,0
439,67,352,635,0
441,66,349,628,0
440,67,344,628,0
437,68,345,629,0
430,78,346,630,0
415,81,350,632,0
408,87,352,638,0
383,89,353,645,0
380,107,356,646,0
381,132,358,648,0
392,160,360,646,0
403,193,360,642,0
406,238,360,637,0
413,259,360,633,0
412,326,362,632,0
397,360,361,632,0
371,383,356,634,0
354,386,357,636,0
334,350,347,639,0
319,275,344,636,0
319,179,344,629,0
315,58,349,624,0
320,0,355,623,0
339,0,361,624,0
340,0,365,627,0
335,0,369,630,0
326,0,371,633,0
329,0,362,642,0
335,0,360,644,0
355,68,355,652,0
368,84,365,656,0
373,116,363,656,0
372,118,360,658,0
355,70,360,656,0
344,54,359,655,0
344,54,360,661,0
347,56,361,666,0
346,76,360,671,0
348,80,352,674,0
350,83,343,675,0
356,83,331,674,0
361,88,336,672,0
371,102,348,668,0
382,117,350,666,0
398,133,352,667,0
410,157,353,668,0
413,184,354,668,0
414,189,342,668,0
401,155,327,668,0
393,132,320,668,0
393,127,317,668,0
396,135,318,668,0
401,137,319,668,0
404,167,321,668,0
403,188,323,668,0
380,197,324,670,0
352,167,313,673,0
285,153,302,675,0
264,127,298,676,0
254,133,302,676,0
253,138,322,675,0
256,150,321,671,0
249,153,319,665,0
251,135,319,660,0
260,96,311,657,0
270,98,310,652,0
275,98,314,654,0
276,100,319,657,0
273,102,322,661,0
267,111,323,665,0
278,123,320,665,0
287,143,318,661,0
298,156,313,660,0
314,168,317,656,0
330,183,319,651,0
337,203,320,648,0
341,213,322,648,0
335,227,325,647,0
332,236,329,644,0
332,246,328,639,0
317,259,329,633,0
310,260,330,633,0
314,262,332,633,0
321,261,334,632,0
335,271,335,628,0
346,259,335,623,0
357,235,332,618,0
373,229,326,611,0
379,187,326,608,0
384,185,325,608,0
386,203,330,611,0
390,215,329,615,0
398,239,333,617,0
403,242,334,618,0
406,245,331,620,0
412,243,328,620,0
415,249,329,624,0
415,252,331,630,0
408,251,334,638,0
404,248,339,637,0
407,262,345,630,0
411,267,346,627,0
412,290,347,621,0
414,326,349,622,0
414,356,358,626,0
407,382,362,635,0
394,412,368,640,0
368,406,363,642,0
360,341,359,641,0
360,274,357,631,0
362,135,355,615,0
364,0,357,604,0
391,0,359,587,0
414,0,364,591,0
452,0,356,597,0
495,0,365,609,0
494,0,375,611,0
495,0,378,625,0
483,13,378,647,0
483,102,378,660,0
493,136,377,673,0
502,127,364,685,0
510,101,349,690,0
512,83,342,693,0
508,93,338,692,0
499,121,358,691,0
483,147,374,694,0
485,148,388,695,0
487,152,395,698,0
503,173,400,706,0
511,168,401,709,0
513,155,404,710,0
508,151,403,710,0
506,131,404,707,0
506,123,402,707,0
510,125,400,707,0
515,128,399,706,0
521,132,398,706,0
521,120,400,708,0
521,121,399,711,0
530,121,393,713,0
551,107,386,716,0
564,99,385,715,0
577,89,385,714,0
583,79,384,710,0
583,86,394,709,0
581,87,400,714,0
573,101,406,722,0
569,96,402,727,0
568,91,399,726,0
568,88,401,724,0
574,90,407,724,0
584,99,408,724,0
593,98,402,726,0
603,90,399,725,0
608,80,399,721,0
611,57,400,720,0
612,46,394,718,0
611,40,389,719,0
606,41,391,721,0
604,43,388,723,0
603,46,392,726,0
606,52,396,728,0
611,71,396,729,0
616,80,400,729,0
620,84,400,729,0
621,84,402,725,0
622,71,404,720,0
622,61,404,719,0
623,52,402,721,0
623,46,403,722,0
624,48,403,723,0
627,45,401,722,0
631,53,399,719,0
633,58,397,716,0
634,61,390,714,0
637,44,391,715,0
638,30,383,715,0
639,19,387,714,0
641,16,385,713,0
642,17,386,712,0
643,22,389,710,0
644,30,395,710,0
645,42,398,711,0
646,45,401,714,0
649,47,402,714,0
653,47,402,713,0
655,39,401,711,0
654,35,396,706,0
654,37,396,702,0
653,40,397,701,0
651,41,400,703,0
649,43,403,703,0
647,45,405,703,0
647,50,408,702,0
645,63,409,699,0
643,81,409,699,0
641,156,412,699,0
642,233,412,701,0
641,289,413,701,0
642,310,403,698,0
643,297,383,693,0
643,198,365,686,0
639,87,370,683,0
628,0,371,683,0
606,0,374,686,0
574,0,363,689,0
554,0,358,691,0
541,0,351,689,0
528,0,352,684,0
506,0,349,681,0
494,0,352,678,0
484,37,351,688,0
461,61,350,692,0
429,75,350,698,0
401,90,361,703,0
391,77,368,708,0
382,66,369,707,0
387,45,357,708,0
400,45,357,713,0
407,54,362,716,0
420,60,366,718,0
432,63,371,718,0
431,67,379,716,0
427,81,379,712,0
416,86,378,710,0
400,87,374,708,0
394,87,369,704,0
392,90,363,697,0
399,88,371,688,0
416,96,373,684,0
425,97,375,679,0
426,118,374,680,0
427,121,372,683,0
428,117,368,684,0
431,114,361,682,0
447,110,359,680,0
461,110,362,678,0
473,100,363,676,0
475,110,352,679,0
480,105,363,677,0
480,116,355,672,0
480,125,350,668,0
477,129,346,668,0
472,131,341,666,0
465,138,341,655,0
458,136,338,645,0
463,128,333,632,0
471,130,337,631,0
482,131,342,633,0
494,134,351,635,0
502,135,356,639,0
506,133,361,641,0
508,135,362,640,0
505,133,361,637,0
494,91,354,634,0
482,55,355,630,0
475,56,352,626,0
480,61,352,624,0
486,133,348,625,0
499,182,350,626,0
506,230,350,631,0
502,250,352,636,0
498,280,354,636,0
497,330,356,639,0
491,358,357,642,0
481,398,352,645,0
465,402,349,648,0
451,392,345,644,0
428,327,336,633,0
404,248,327,618,0
394,103,315,610,0
390,0,314,601,0
407,0,309,602,0
428,0,304,608,0
453,0,310,611,0
476,0,305,617,0
463,0,297,609,0
451,0,276,608,0
413,0,300,613,0
425,59,311,630,0
420,67,320,645,0
412,50,324,654,0
417,11,333,662,0
412,0,338,670,0
412,0,340,678,0
409,0,355,682,0
409,26,367,682,0
406,65,376,683,0
414,74,379,682,0
427,92,379,681,0
435,104,379,683,0
446,125,377,684,0
461,123,376,687,0
471,119,376,690,0
464,97,371,692,0
443,69,373,693,0
414,39,378,692,0
407,32,377,691,0
416,32,370,693,0
447,53,368,697,0
470,80,362,700,0
485,94,361,704,0
488,92,361,708,0
487,74,376,709,0
479,53,382,708,0
471,38,385,706,0
474,46,388,704,0
476,35,384,705,0
480,22,368,706,0
471,19,358,705,0
449,19,363,704,0
418,22,365,706,0
403,27,369,710,0
399,46,375,713,0
401,63,380,713,0
408,61,378,712,0
411,46,372,711,0
412,39,367,709,0
387,33,368,710,0
358,37,374,712,0
345,38,379,713,0
350,35,380,712,0
350,35,381,713,0
355,33,377,712,0
360,30,376,709,0
349,16,372,709,0
322,9,375,710,0
300,15,378,712,0
296,24,380,713,0
299,29,381,713,0
298,41,380,712,0
299,39,376,710,0
304,32,374,705,0
308,29,371,704,0
314,28,372,704,0
320,39,374,708,0
321,66,376,711,0
313,92,383,714,0
301,109,389,713,0
297,115,390,712,0
295,109,384,709,0
303,100,383,708,0
309,99,384,709,0
310,89,388,709,0
317,93,391,708,0
322,110,394,708,0
318,162,393,708,0
320,224,395,709,0
318,285,396,709,0
302,329,393,710,0
291,350,394,711,0
280,362,388,709,0
256,323,375,707,0
236,270,367,705,0
216,157,357,702,0
196,56,339,703,0
195,0,338,704,0
213,0,340,703,0
232,0,347,700,0
235,0,347,696,0
238,0,346,692,0
252,0,342,687,0
230,0,338,684,0
215,48,336,677,0
233,72,344,673,0
254,69,344,673,0
303,58,336,673,0
321,54,326,670,0
342,58,314,673,0
345,100,305,675,0
352,132,303,676,0
360,137,304,675,0
355,141,304,673,0
357,147,302,666,0
369,128,302,663,0
416,128,304,660,0
459,140,309,661,0
488,153,313,669,0
503,169,320,676,0
510,165,316,680,0
511,169,311,681,0
513,163,307,680,0
512,165,305,676,0
509,169,306,672,0
507,172,310,667,0
505,177,313,663,0
511,180,313,664,0
514,182,316,666,0
517,180,317,669,0
517,177,320,669,0
519,170,323,669,0
521,160,329,671,0
522,154,334,671,0
521,152,337,670,0
510,146,332,670,0
501,132,325,666,0
501,126,326,663,0
506,119,322,659,0
512,123,324,655,0
513,114,321,653,0
515,95,317,652,0
513,66,294,653,0
503,46,282,652,0
498,53,279,647,0
496,65,283,634,0
498,88,288,629,0
504,115,292,625,0
514,159,296,620,0
520,161,298,611,0
519,160,300,612,0
520,126,303,613,0
514,103,303,614,0
509,106,301,613,0
508,104,300,612,0
515,105,300,613,0
522,135,299,609,0
525,153,296,607,0
528,162,300,606,0
525,164,297,606,0
519,156,290,607,0
506,125,286,609,0
499,124,283,610,0
497,142,290,606,0
499,176,296,603,0
500,224,300,597,0
499,279,300,592,0
494,324,303,588,0
487,350,304,586,0
473,369,302,585,0
461,375,299,588,0
443,400,300,589,0
427,404,297,590,0
426,403,298,590,0
425,391,293,588,0
420,352,288,585,0
415,297,272,578,0
397,130,270,569,0
373,0,280,553,0
370,0,290,553,0
397,0,289,555,0
408,0,288,569,0
374,0,287,579,0
336,0,271,595,0
321,0,277,603,0
275,0,309,609,0
270,54,308,615,0
268,80,317,625,0
288,77,307,626,0
281,17,310,628,0
284,0,316,631,0
255,0,324,635,0
252,0,334,640,0
251,0,347,646,0
268,0,354,653,0
275,0,349,656,0
273,0,341,657,0
268,0,336,654,0
268,0,335,648,0
270,0,339,642,0
278,0,344,640,0
287,14,347,642,0
288,9,339,643,0
276,12,322,642,0
271,17,308,639,0
264,16,308,637,0
256,25,311,638,0
253,35,317,642,0
263,45,326,646,0
267,32,322,650,0
266,0,307,653,0
252,0,303,655,0
242,0,306,656,0
227,0,308,656,0
221,17,309,657,0
217,18,305,656,0
209,19,296,656,0
202,20,292,656,0
184,21,296,654,0
183,24,306,653,0
192,40,313,656,0
201,52,316,659,0
213,55,313,663,0
215,29,301,664,0
215,15,295,665,0
211,8,293,664,0
206,8,295,661,0
203,14,299,663,0
198,39,308,666,0
199,73,310,666,0
202,91,313,665,0
203,102,314,665,0
208,147,314,665,0
210,227,315,667,0
201,262,313,670,0
198,292,308,669,0
203,303,298,670,0
211,303,298,672,0
213,270,293,672,0
202,187,284,667,0
164,80,277,661,0
137,0,272,657,0
142,0,273,654,0
154,0,265,653,0
210,0,265,648,0
253,0,285,648,0
293,0,294,645,0
293,0,297,651,0
324,0,286,650,0
350,57,295,649,0
370,96,289,647,0
387,96,282,648,0
388,59,263,650,0
401,0,230,653,0
401,0,230,653,0
430,0,229,651,0
453,71,241,653,0
463,108,246,655,0
474,130,249,659,0
474,130,249,659,0
473,125,250,656,0
477,128,253,649,0
492,133,256,646,0
509,137,257,646,0
522,133,263,651,0
529,133,267,656,0
534,138,273,659,0
536,137,283,660,0
536,151,278,661,0
535,153,273,658,0
538,167,269,659,0
542,183,268,662,0
545,189,261,663,0
546,190,261,666,0
550,185,263,666,0
552,178,270,664,0
550,175,275,663,0
554,179,284,656,0
553,149,275,651,0
553,98,255,648,0
555,93,249,646,0
556,99,250,644,0
562,124,246,644,0
570,141,248,642,0
580,174,249,640,0
587,190,249,638,0
591,192,252,636,0
593,195,257,639,0
592,191,259,641,0
591,190,264,644,0
586,187,267,645,0
579,201,271,646,0
574,236,279,644,0
571,270,281,644,0
564,330,282,644,0
553,350,284,637,0
546,375,287,634,0
529,387,287,629,0
509,412,287,625,0
496,426,286,626,0
488,435,279,627,0
477,418,270,627,0
465,344,262,625,0
457,276,265,623,0
448,124,263,618,0
449,21,265,609,0
458,0,267,610,0
466,0,276,612,0
455,0,287,622,0
409,0,282,635,0
373,50,295,652,0
327,87,301,664,0
304,85,309,664,0
278,66,309,665,0
261,52,313,665,0
288,34,327,666,0
289,57,329,664,0
287,100,336,670,0
291,118,349,674,0
307,134,352,677,0
318,138,356,679,0
334,130,351,680,0
344,129,348,676,0
348,128,337,674,0
353,127,331,673,0
354,127,330,673,0
355,129,322,671,0
360,119,313,668,0
363,117,312,668,0
379,118,313,669,0
396,124,313,667,0
409,126,314,672,0
427,127,307,675,0
438,128,301,679,0
449,127,298,681,0
466,112,300,679,0
478,99,300,678,0
493,104,301,680,0
503,112,298,680,0
507,116,289,682,0
510,117,299,685,0
512,119,301,684,0
508,117,299,684,0
508,108,295,684,0
508,99,288,681,0
511,85,288,679,0
516,105,295,680,0
524,121,317,684,0
531,148,325,687,0
536,175,324,691,0
542,167,301,693,0
544,154,287,692,0
546,133,286,692,0
540,125,293,693,0
530,145,311,693,0
522,167,317,694,0
521,194,316,694,0
526,217,317,693,0
528,229,315,691,0
526,249,315,689,0
519,254,318,689,0
513,249,318,689,0
509,242,323,688,0
505,233,321,687,0
504,253,322,689,0
507,286,324,691,0
503,357,334,694,0
502,400,333,695,0
496,427,314,694,0
493,425,293,692,0
486,367,280,688,0
478,274,257,686,0
470,160,245,680,0
476,56,231,674,0
486,0,209,673,0
493,0,205,674,0
498,0,212,669,0
501,0,224,670,0
498,0,227,669,0
498,0,220,669,0
494,0,220,667,0
505,87,234,667,0
513,90,258,675,0
502,119,262,678,0
510,125,269,683,0
517,136,269,678,0
510,163,273,679,0
507,162,274,679,0
517,134,275,678,0
524,124,271,677,0
531,137,269,683,0
534,161,275,689,0
535,173,275,691,0
536,183,281,693,0
535,190,280,691,0
527,190,285,689,0
515,179,285,689,0
500,175,285,689,0
494,178,286,690,0
491,187,295,690,0
503,190,297,690,0
510,221,298,691,0
512,236,305,693,0
503,247,309,695,0
490,235,309,697,0
473,219,312,699,0
456,197,310,699,0
444,171,308,697,0
431,169,316,694,0
406,169,318,692,0
382,173,324,691,0
344,169,323,692,0
305,161,324,692,0
278,149,321,692,0
257,137,320,694,0
243,143,320,699,0
231,143,326,700,0
213,158,326,699,0
191,169,328,699,0
177,180,326,698,0
165,175,318,697,0
172,145,312,696,0
177,139,318,694,0
178,137,321,692,0
178,129,323,693,0
180,128,326,695,0
196,125,326,696,0
210,129,326,696,0
223,139,329,697,0
245,155,329,699,0
263,163,328,699,0
285,158,324,698,0
294,163,324,695,0
292,175,326,694,0
288,187,332,695,0
279,198,336,697,0
268,240,339,698,0
275,278,340,698,0
290,344,339,696,0
315,383,336,694,0
325,422,338,693,0
326,445,336,692,0
323,453,328,693,0
306,430,324,694,0
292,354,321,693,0
282,249,322,688,0
293,139,319,687,0
341,81,318,691,0
404,71,319,697,0
436,57,319,697,0
456,63,321,702,0
465,62,325,705,0
475,62,332,705,0
473,47,327,709,0
473,0,332,711,0
469,0,340,713,0
466,0,350,714,0
456,145,350,713,0
440,227,347,714,0
437,270,355,713,0
433,286,349,715,0
422,287,347,716,0
415,291,342,717,0
419,291,346,718,0
417,283,350,719,0
423,291,359,720,0
418,299,362,722,0
408,306,359,723,0
396,290,337,723,0
380,277,330,724,0
375,278,326,724,0
364,284,332,724,0
359,287,325,722,0
362,296,325,721,0
364,300,328,722,0
370,303,329,722,0
384,305,324,722,0
392,304,317,722,0
395,294,315,723,0
400,301,317,723,0
396,306,319,724,0
394,308,316,725,0
386,312,322,726,0
385,314,319,726,0
400,303,316,724,0
421,303,307,723,0
443,296,305,726,0
446,295,294,728,0
442,294,295,729,0
445,302,304,730,0
444,304,308,731,0
438,306,309,731,0
426,287,303,728,0
411,269,302,726,0
410,275,303,722,0
403,280,303,719,0
405,297,309,718,0
408,312,313,720,0
408,318,321,723,0
400,311,320,724,0
387,302,320,726,0
367,288,315,725,0
354,279,316,725,0
351,280,319,725,0
339,283,323,724,0
336,285,319,724,0
329,288,311,722,0
325,300,309,722,0
326,304,309,722,0
324,291,306,722,0
310,277,306,724,0
295,263,308,724,0
287,266,307,724,0
285,270,313,725,0
287,279,323,725,0
290,282,323,726,0
287,278,323,726,0
278,270,317,726,0
272,265,313,725,0
248,261,310,725,0
223,256,311,725,0
223,265,311,723,0
242,270,312,722,0
265,281,311,720,0
285,277,313,719,0
295,272,318,719,0
291,284,322,721,0
294,282,324,722,0
295,304,320,723,0
294,367,325,723,0
293,425,338,727,0
300,478,341,728,0
294,506,335,727,0
289,499,317,725,0
288,442,290,721,0
281,381,283,717,0
269,298,277,718,0
271,210,292,718,0
276,158,298,718,0
320,154,301,718,0
356,181,303,719,0
403,191,311,717,0
439,189,316,714,0
456,230,319,713,0
474,262,321,714,0
483,262,331,715,0
480,242,332,718,0
478,221,332,721,0
483,204,315,724,0
487,217,306,725,0
514,250,302,724,0
529,281,296,723,0
531,297,293,721,0
523,323,286,720,0
519,316,289,719,0
519,289,291,718,0
528,286,297,716,0
539,279,308,709,0
548,272,311,707,0
555,274,315,704,0
558,296,320,708,0
569,325,323,713,0
583,322,322,716,0
593,307,298,716,0
597,291,294,715,0
599,282,295,712,0
596,289,301,712,0
595,306,311,716,0
592,318,315,717,0
590,317,305,718,0
593,306,303,717,0
595,301,301,715,0
595,281,303,711,0
586,283,307,708,0
569,290,315,707,0
551,300,322,708,0
538,318,331,709,0
532,331,336,710,0
532,341,337,708,0
537,349,334,704,0
546,343,329,701,0
551,321,328,701,0
546,306,331,701,0
534,302,335,698,0
518,293,339,696,0
509,268,339,695,0
497,242,338,688,0
495,246,337,682,0
497,267,334,679,0
496,311,336,679,0
487,366,340,682,0
487,399,342,686,0
494,423,344,690,0
508,434,343,692,0
519,452,341,691,0
528,455,335,690,0
526,459,339,690,0
515,452,341,689,0
508,446,345,690,0
506,447,346,692,0
507,440,347,691,0
498,396,345,685,0
477,321,344,677,0
443,265,343,675,0
418,216,346,672,0
404,172,346,674,0
420,163,345,676,0
431,192,345,678,0
447,219,346,677,0
458,234,339,676,0
458,267,336,679,0
442,299,337,686,0
412,317,347,693,0
390,322,352,703,0
410,310,358,708,0
404,294,363,710,0
389,277,374,716,0
370,289,393,722,0
343,285,418,726,0
304,297,415,727,0
276,301,409,727,0
259,291,406,723,0
257,286,397,717,0
278,296,404,714,0
288,306,420,715,0
293,303,430,717,0
303,297,434,719,0
319,280,427,720,0
319,254,416,719,0
320,243,401,717,0
325,231,400,715,0
325,222,391,709,0
319,224,380,707,0
293,226,381,708,0
261,235,386,710,0
249,243,392,708,0
242,243,398,704,0
243,252,402,705,0
239,272,406,709,0
229,287,414,713,0
221,291,409,715,0
191,292,404,716,0
179,289,395,714,0
162,279,391,707,0
152,274,390,702,0
125,267,384,701,0
112,267,391,700,0
107,273,387,702,0
108,285,387,704,0
112,309,385,707,0
112,323,388,707,0
114,331,388,707,0
113,329,388,704,0
120,317,386,700,0
124,312,386,697,0
120,307,384,698,0
116,294,380,700,0
106,289,378,699,0
110,286,373,697,0
112,278,371,695,0
121,283,367,693,0
122,302,365,688,0
128,318,365,682,0
149,324,361,680,0
150,314,354,679,0
159,294,348,676,0
168,277,351,675,0
168,272,352,675,0
180,289,355,675,0
191,333,362,673,0
199,354,368,673,0
200,376,369,673,0
198,399,366,672,0
184,422,360,672,0
182,441,353,673,0
164,453,344,674,0
158,455,343,673,0
155,443,349,673,0
122,395,339,669,0
103,358,337,663,0
81,319,336,661,0
68,274,340,658,0
56,226,344,653,0
74,214,347,652,0
103,221,357,653,0
125,237,364,656,0
148,262,361,656,0
197,272,353,652,0
218,267,337,648,0
223,260,331,640,0
225,251,327,636,0
234,230,325,631,0
261,223,326,629,0
313,207,332,629,0
330,191,346,635,0
347,178,336,647,0
380,167,353,655,0
433,179,360,663,0
472,166,354,671,0
491,172,331,676,0
504,174,317,681,0
512,201,324,686,0
518,208,321,691,0
522,218,316,695,0
518,207,317,696,0
516,188,319,696,0
518,191,329,696,0
539,207,342,702,0
564,225,355,709,0
581,240,369,712,0
597,246,373,713,0
606,244,379,716,0
611,241,374,715,0
611,225,375,715,0
610,200,375,713,0
610,197,377,711,0
612,204,381,710,0
614,214,382,708,0
615,224,384,707,0
616,231,371,704,0
613,232,363,700,0
611,232,366,696,0
611,231,367,691,0
612,230,352,690,0
607,223,346,688,0
594,196,341,686,0
575,208,349,687,0
572,211,348,687,0
571,206,344,685,0
573,203,335,681,0
584,214,336,682,0
592,222,338,684,0
596,237,340,688,0
589,253,346,691,0
581,267,350,693,0
578,276,360,696,0
570,279,360,697,0
557,272,364,696,0
556,273,363,691,0
555,280,360,690,0
554,291,364,692,0
553,330,375,694,0
551,376,375,696,0
548,433,383,697,0
547,472,386,697,0
541,500,383,697,0
532,503,383,696,0
513,445,360,692,0
480,329,346,690,0
447,227,333,687,0
442,104,342,689,0
433,0,347,693,0
436,0,354,696,0
431,0,358,695,0
419,0,357,696,0
405,0,376,701,0
387,33,380,712,0
361,120,389,717,0
348,186,394,720,0
335,236,387,720,0
306,261,390,714,0
285,279,380,706,0
219,268,389,702,0
161,263,383,702,0
127,260,382,700,0
135,249,379,702,0
139,248,379,702,0
154,265,381,702,0
183,274,378,700,0
193,275,376,699,0
218,271,369,693,0
238,266,362,687,0
250,269,362,685,0
248,275,365,687,0
252,279,365,691,0
261,297,362,693,0
282,310,364,695,0
298,320,363,697,0
296,320,365,695,0
295,314,368,694,0
285,313,369,695,0
268,308,370,698,0
272,308,373,701,0
276,309,372,701,0
277,312,371,702,0
280,315,372,700,0
272,323,374,698,0
246,323,371,697,0
231,315,370,696,0
233,302,366,691,0
205,290,356,688,0
166,267,357,688,0
130,267,355,690,0
102,274,360,690,0
92,285,359,687,0
87,293,356,683,0
93,303,356,677,0
106,299,355,675,0
103,270,356,677,0
80,248,355,680,0
69,240,355,685,0
52,248,360,690,0
54,257,364,692,0
62,272,365,694,0
78,281,363,691,0
84,285,359,688,0
78,287,358,685,0
54,290,360,686,0
46,295,361,686,0
49,310,369,686,0
61,332,369,687,0
63,350,372,688,0
63,350,372,688,0
67,350,373,686,0
67,358,376,686,0
71,383,375,686,0
75,415,377,687,0
74,434,381,688,0
77,486,383,688,0
78,520,381,685,0
77,528,364,681,0
50,496,338,674,0
0,427,323,662,0
0,330,309,650,0
0,204,304,649,0
0,88,316,642,0
34,0,316,641,0
131,0,324,644,0
236,0,332,643,0
288,19,336,640,0
320,66,338,639,0
320,129,345,633,0
323,179,351,630,0
355,203,356,627,0
378,201,362,640,0
406,184,370,647,0
422,171,374,651,0
434,165,366,660,0
443,166,359,664,0
455,167,358,667,0
467,180,368,670,0
478,193,375,670,0
489,211,383,673,0
506,232,383,678,0
521,249,388,682,0
538,261,395,683,0
548,267,395,683,0
553,271,392,683,0
556,248,392,686,0
556,233,394,688,0
556,227,390,688,0
548,220,386,686,0
545,222,384,686,0
545,231,386,685,0
549,236,387,683,0
554,237,391,681,0
558,238,393,682,0
562,243,398,685,0
565,240,400,683,0
572,239,404,684,0
576,235,405,688,0
580,223,398,690,0
584,211,392,691,0
590,207,392,691,0
593,216,394,691,0
592,223,399,691,0
585,227,402,692,0
581,228,408,695,0
582,227,412,695,0
589,228,414,694,0
594,230,414,697,0
595,227,416,700,0
594,221,414,701,0
587,226,414,700,0
578,223,415,700,0
564,206,416,700,0
551,189,418,701,0
544,186,417,702,0
548,203,418,703,0
558,208,418,707,0
570,207,413,712,0
571,197,399,714,0
568,173,401,714,0
559,163,407,714,0
548,180,409,716,0
543,196,409,716,0
542,198,412,713,0
542,207,411,710,0
530,220,404,708,0
510,233,396,705,0
488,245,401,703,0
475,266,409,706,0
475,318,414,708,0
495,349,420,710,0
507,389,418,710,0
526,402,410,707,0
527,397,396,703,0
514,360,380,696,0
492,284,377,693,0
452,212,373,693,0
424,158,376,698,0
421,111,377,701,0
440,66,382,703,0
454,21,378,703,0
470,23,375,702,0
470,26,374,701,0
464,49,377,704,0
446,95,383,711,0
430,127,384,719,0
412,176,386,722,0
393,195,372,727,0
367,203,375,732,0
330,223,381,731,0
287,228,375,727,0
255,236,373,719,0
236,244,370,709,0
254,251,367,705,0
277,258,367,701,0
289,260,380,703,0
289,270,387,708,0
282,290,392,710,0
280,294,392,706,0
278,283,390,700,0
274,266,385,695,0
246,257,387,689,0
226,255,388,688,0
195,256,388,688,0
196,256,387,686,0
192,259,387,682,0
178,261,384,679,0
165,262,390,675,0
158,261,392,672,0
154,259,395,667,0
150,257,395,661,0
153,252,397,656,0
152,242,399,644,0
137,238,399,634,0
125,232,400,626,0
124,235,402,624,0
118,248,403,625,0
116,256,401,625,0
110,259,399,623,0
110,255,399,625,0
114,248,401,627,0
119,242,401,628,0
126,238,402,625,0
125,232,404,622,0
126,227,406,618,0
123,219,406,617,0
124,201,407,611,0
126,197,407,610,0
115,192,407,609,0
118,190,406,609,0
118,177,401,608,0
115,175,398,608,0
115,172,396,611,0
111,167,393,612,0
122,166,386,611,0
123,168,381,611,0
129,173,380,612,0
128,175,374,613,0
128,174,373,614,0
131,169,373,614,0
131,172,374,614,0
133,172,374,614,0
132,173,377,607,0
131,172,377,602,0
131,168,379,596,0
132,167,377,592,0
127,164,378,590,0
129,167,380,589,0
131,167,384,588,0
133,166,384,587,0
134,167,385,589,0
131,170,387,591,0
129,172,388,592,0
129,169,389,592,0
131,169,388,593,0
128,169,389,594,0
128,170,388,594,0
127,175,390,594,0
129,175,392,597,0
130,177,393,599,0
129,178,394,601,0
128,179,395,605,0
124,179,396,608,0
106,176,396,610,0
100,177,392,612,0
95,176,390,612,0
106,175,393,611,0
109,173,394,611,0
116,173,395,607,0
121,171,394,601,0
127,169,394,597,0
131,170,391,595,0
132,166,387,593,0
129,165,384,592,0
126,168,385,593,0
124,169,385,593,0
124,162,386,591,0
123,162,386,589,0
128,160,386,586,0
124,164,385,583,0
122,169,386,581,0
124,173,389,583,0
125,179,389,585,0
122,178,389,587,0
121,178,389,587,0
125,178,388,587,0
120,180,387,588,0
121,176,385,590,0
120,174,382,590,0
118,174,382,592,0
114,174,383,592,0
105,173,382,592,0
113,171,381,593,0
117,168,378,593,0
125,172,371,593,0
126,171,370,593,0
129,171,372,593,0
131,172,372,594,0
134,172,370,594,0
132,171,373,594,0
134,171,375,595,0
135,172,376,593,0
136,169,375,590,0
137,165,372,588,0
140,164,371,587,0
134,162,374,588,0
132,162,377,590,0
127,165,381,592,0
124,167,383,594,0
125,168,380,596,0
132,169,375,596,0
135,171,372,594,0
138,171,370,592,0
138,171,368,591,0
142,171,371,592,0
142,173,371,593,0
144,172,372,595,0
143,173,373,597,0
139,172,371,598,0
135,171,372,598,0
140,170,374,597,0
139,168,372,597,0
143,167,373,596,0
147,166,372,596,0
144,166,372,596,0
144,167,374,597,0
145,169,376,598,0
147,170,376,599,0
148,169,376,599,0
147,167,375,599,0
145,167,375,599,0
148,168,373,597,0
146,169,372,594,0
145,169,369,591,0
145,169,365,588,0
146,169,362,586,0
148,164,362,586,0
144,163,362,587,0
147,162,362,587,0
146,156,363,586,0
148,153,363,584,0
154,153,364,581,0
152,153,364,582,0
155,151,364,584,0
158,146,364,583,0
158,149,362,582,0
157,148,361,584,0
151,146,361,586,0
146,143,359,587,0
146,143,360,588,0
145,141,359,591,0
145,140,361,592,0
149,138,362,593,0
153,131,361,593,0
150,128,362,593,0
148,127,362,593,0
147,130,363,594,0
